ExE(keV)	bu1	bu2	bu3	bu1bu2	bu2bu3	bu1bu3
0.0	3.314	2.068	2.074	2.415	5.988	2.431	7.199
5.0	3.466	2.083	2.076	2.392	6.023	2.425	7.304
10.0	3.493	2.152	2.035	2.435	6.017	2.472	7.304
15.0	3.393	1.979	2.04	2.369	5.994	2.416	7.374
20.0	3.479	1.968	2.078	2.311	6.169	2.339	7.326
25.0	3.565	1.964	2.076	2.373	6.193	2.428	7.147
30.0	3.702	2.042	2.123	2.372	6.123	2.378	7.131
35.0	3.722	2.067	2.019	2.451	6.138	2.403	7.409
40.0	3.609	2.046	2.118	2.393	6.156	2.323	7.134
45.0	3.72	2.058	2.138	2.441	6.295	2.337	7.156
50.0	3.747	2.032	2.136	2.336	6.341	2.419	7.08
55.0	3.779	2.088	2.095	2.43	6.288	2.367	7.222
60.0	3.77	2.146	2.155	2.301	6.302	2.402	7.008
65.0	3.825	2.037	2.158	2.324	6.321	2.281	7.006
70.0	3.868	2.094	2.151	2.371	6.278	2.309	7.105
75.0	3.992	2.205	2.157	2.334	6.231	2.41	7.063
80.0	3.896	2.204	2.072	2.299	6.352	2.387	7.05
85.0	3.879	2.234	2.144	2.424	6.301	2.314	7.073
90.0	3.927	2.112	2.14	2.384	6.356	2.295	7.09
95.0	4.024	2.091	2.251	2.21	6.513	2.363	7.01
100.0	4.043	2.141	2.18	2.293	6.381	2.373	7.14
105.0	4.009	2.161	2.185	2.304	6.353	2.305	6.981
110.0	4.067	2.199	2.278	2.284	6.488	2.382	6.917
115.0	4.053	2.242	2.134	2.183	6.497	2.279	6.966
120.0	4.13	2.197	2.196	2.32	6.48	2.313	6.879
125.0	4.116	2.132	2.216	2.267	6.492	2.252	6.915
130.0	4.15	2.305	2.251	2.367	6.407	2.239	6.969
135.0	4.097	2.2	2.279	2.272	6.475	2.209	6.791
140.0	4.241	2.241	2.212	2.272	6.491	2.17	6.828
145.0	4.307	2.29	2.208	2.21	6.53	2.267	6.768
150.0	4.385	2.255	2.221	2.218	6.561	2.269	6.842
155.0	4.197	2.261	2.303	2.28	6.631	2.165	6.92
160.0	4.278	2.202	2.211	2.1	6.506	2.237	6.929
165.0	4.431	2.231	2.276	2.215	6.646	2.177	6.699
170.0	4.318	2.25	2.183	2.217	6.526	2.21	6.899
175.0	4.353	2.184	2.303	2.165	6.574	2.171	6.865
180.0	4.389	2.376	2.299	2.106	6.653	2.14	6.779
185.0	4.498	2.301	2.325	2.131	6.662	2.141	6.737
190.0	4.505	2.329	2.363	2.105	6.592	2.185	6.763
195.0	4.51	2.377	2.271	2.086	6.647	2.041	6.797
200.0	4.604	2.309	2.313	2.169	6.753	2.196	6.78
205.0	4.528	2.385	2.269	2.086	6.564	2.169	6.762
210.0	4.655	2.293	2.368	2.137	6.585	2.136	6.683
215.0	4.409	2.36	2.328	2.064	6.824	2.112	6.651
220.0	4.72	2.273	2.386	2.112	6.716	2.165	6.751
225.0	4.57	2.346	2.358	2.142	6.775	2.17	6.518
230.0	4.69	2.412	2.449	2.111	6.54	2.096	6.524
235.0	4.645	2.322	2.367	2.09	6.609	2.094	6.677
240.0	4.726	2.476	2.385	2.11	6.757	2.094	6.514
245.0	4.619	2.33	2.298	2.054	6.768	2.083	6.452
250.0	4.808	2.395	2.39	2.047	6.776	2.124	6.672
255.0	4.749	2.314	2.468	2.117	6.801	2.093	6.622
260.0	4.81	2.398	2.32	2.077	6.886	2.074	6.656
265.0	4.864	2.337	2.416	2.066	7.065	2.028	6.59
270.0	4.99	2.36	2.318	2.072	6.866	2.051	6.586
275.0	4.961	2.468	2.333	2.066	6.868	2.053	6.574
280.0	4.984	2.387	2.402	1.962	6.986	2.053	6.397
285.0	4.999	2.394	2.4	1.968	6.901	2.085	6.434
290.0	4.918	2.373	2.385	2.047	6.879	2.104	6.495
295.0	5.123	2.398	2.447	2.025	6.984	2.016	6.473
300.0	5.099	2.522	2.426	2.089	6.734	2.011	6.442
305.0	5.112	2.428	2.374	2.127	6.826	2.002	6.426
310.0	5.114	2.454	2.423	2.011	6.852	2.019	6.429
315.0	4.98	2.428	2.441	2.026	6.919	2.096	6.346
320.0	5.177	2.457	2.434	2.039	6.965	2.016	6.441
325.0	5.066	2.425	2.427	2.113	7.013	2.07	6.454
330.0	5.142	2.464	2.431	2.039	6.954	2.088	6.289
335.0	5.131	2.403	2.41	2.014	6.933	2.094	6.383
340.0	5.208	2.459	2.427	1.953	7.078	2.057	6.398
345.0	5.233	2.429	2.446	2.017	7.043	2.025	6.196
350.0	5.271	2.442	2.382	2.029	6.97	2.039	6.437
355.0	5.121	2.467	2.458	2.0	7.012	1.905	6.299
360.0	5.245	2.461	2.489	1.921	7.01	2.037	6.301
365.0	5.296	2.475	2.468	1.934	7.177	2.094	6.29
370.0	5.257	2.401	2.502	2.017	7.06	2.026	6.399
375.0	5.416	2.424	2.496	2.03	7.045	2.063	6.166
380.0	5.4	2.368	2.468	1.984	7.102	2.024	6.265
385.0	5.548	2.47	2.44	2.024	7.101	1.984	6.202
390.0	5.4	2.454	2.507	1.975	7.079	2.011	6.185
395.0	5.546	2.486	2.418	2.064	7.188	1.913	6.039
400.0	5.394	2.463	2.537	2.032	7.068	2.024	6.107
405.0	5.498	2.505	2.513	1.963	7.121	1.936	6.216
410.0	5.427	2.463	2.377	1.925	7.222	1.983	6.225
415.0	5.378	2.453	2.518	2.079	7.296	1.965	6.139
420.0	5.516	2.442	2.467	2.033	7.242	1.96	5.99
425.0	5.559	2.47	2.408	1.997	7.392	1.94	6.126
430.0	5.632	2.473	2.399	2.02	7.205	1.995	6.215
435.0	5.626	2.481	2.443	1.938	7.052	1.975	6.067
440.0	5.559	2.56	2.49	1.984	7.241	2.002	5.985
445.0	5.696	2.505	2.505	1.907	7.326	1.973	6.19
450.0	5.807	2.464	2.54	1.912	7.284	1.996	6.065
455.0	5.682	2.544	2.446	2.014	7.274	2.015	6.123
460.0	5.728	2.504	2.602	2.0	7.334	2.02	5.912
465.0	5.744	2.485	2.594	1.958	7.271	1.935	6.146
470.0	5.771	2.571	2.472	1.979	7.252	1.939	6.094
475.0	5.756	2.433	2.463	1.935	7.233	1.936	6.01
480.0	5.851	2.511	2.525	1.943	7.296	1.886	5.972
485.0	5.887	2.499	2.503	1.962	7.446	1.972	5.98
490.0	5.824	2.466	2.541	1.937	7.362	1.959	5.913
495.0	5.928	2.476	2.458	1.935	7.383	1.877	6.034
500.0	5.928	2.489	2.389	1.939	7.364	1.876	5.976
