   1   0   1  n     8071.00
   0   1   1  H     7288.00
   1   1   2  H    13135.00
   2   1   3  H    14949.00
   0   2   2  He   15576.00
   1   2   3  He   14931.00
   3   1   4  H    25930.00
   2   2   4  He    2424.00
   1   3   4  Li   25320.00
   4   1   5  H    36830.00
   3   2   5  He   11390.00
   2   3   5  Li   11680.00
   1   4   5  Be   38000.00
   5   1   6  H    41860.00
   4   2   6  He   17594.00
   3   3   6  Li   14086.00
   2   4   6  Be   18374.00
   6   1   7  H    50833.00
   5   2   7  He   26110.00
   4   3   7  Li   14907.00
   3   4   7  Be   15769.00
   2   5   7  B    27870.00
   6   2   8  He   31598.00
   5   3   8  Li   20946.00
   4   4   8  Be    4941.00
   3   5   8  B    22921.00
   2   6   8  C    35094.00
   7   2   9  He   40820.00
   6   3   9  Li   24953.00
   5   4   9  Be   11347.00
   4   5   9  B    12415.00
   3   6   9  C    28913.00
   8   2  10  He   48810.00
   7   3  10  Li   33050.00
   6   4  10  Be   12606.00
   5   5  10  B    12050.00
   4   6  10  C    15698.00
   3   7  10  N    39700.00
   8   3  11  Li   40796.00
   7   4  11  Be   20174.00
   6   5  11  B     8668.00
   5   6  11  C    10650.00
   4   7  11  N    24960.00
   9   3  12  Li   50100.00
   8   4  12  Be   25076.00
   7   5  12  B    13368.00
   6   6  12  C        0.00
   5   7  12  N    17338.00
   4   8  12  O    32048.00
   9   4  13  Be   33660.00
   8   5  13  B    16562.00
   7   6  13  C     3125.00
   6   7  13  N     5345.00
   5   8  13  O    23111.00
  10   4  14  Be   39880.00
   9   5  14  B    23664.00
   8   6  14  C     3019.00
   7   7  14  N     2863.00
   6   8  14  O     8006.00
   5   9  14  F    33610.00
  10   5  15  B    28967.00
   9   6  15  C     9873.00
   8   7  15  N      101.00
   7   8  15  O     2855.00
   6   9  15  F    16780.00
  11   5  16  B    37080.00
  10   6  16  C    13694.00
   9   7  16  N     5683.00
   8   8  16  O    -4736.00
   7   9  16  F    10680.00
   6  10  16  Ne   23992.00
  12   5  17  B    43720.00
  11   6  17  C    21037.00
  10   7  17  N     7871.00
   9   8  17  O     -809.00
   8   9  17  F     1951.00
   7  10  17  Ne   16490.00
  13   5  18  B    52320.00
  12   6  18  C    24920.00
  11   7  18  N    13117.00
  10   8  18  O     -782.00
   9   9  18  F      873.00
   8  10  18  Ne    5306.00
   7  11  18  Na   25320.00
  14   5  19  B    59360.00
  13   6  19  C    32830.00
  12   7  19  N    15860.00
  11   8  19  O     3334.00
  10   9  19  F    -1487.00
   9  10  19  Ne    1751.00
   8  11  19  Na   12929.00
  14   6  20  C    37560.00
  13   7  20  N    21770.00
  12   8  20  O     3796.00
  11   9  20  F      -17.00
  10  10  20  Ne   -7041.00
   9  11  20  Na    6845.00
   8  12  20  Mg   17571.00
  15   6  21  C    45960.00
  14   7  21  N    25230.00
  13   8  21  O     8062.00
  12   9  21  F      -47.00
  11  10  21  Ne   -5731.00
  10  11  21  Na   -2184.00
   9  12  21  Mg   10912.00
   8  13  21  Al   26120.00
  16   6  22  C    52580.00
  15   7  22  N    32080.00
  14   8  22  O     9280.00
  13   9  22  F     2794.00
  12  10  22  Ne   -8024.00
  11  11  22  Na   -5182.00
  10  12  22  Mg    -396.00
   9  13  22  Al   18180.00
   8  14  22  Si   32160.00
  16   7  23  N    37740.00
  15   8  23  O    14620.00
  14   9  23  F     3330.00
  13  10  23  Ne   -5153.00
  12  11  23  Na   -9529.00
  11  12  23  Mg   -5472.00
  10  13  23  Al    6767.00
   9  14  23  Si   23770.00
  17   7  24  N    47040.00
  16   8  24  O    18970.00
  15   9  24  F     7540.00
  14  10  24  Ne   -5948.00
  13  11  24  Na   -8417.00
  12  12  24  Mg  -13933.00
  11  13  24  Al     -55.00
  10  14  24  Si   10755.00
   9  15  24  P    32000.00
  17   8  25  O    27140.00
  16   9  25  F    11270.00
  15  10  25  Ne   -2060.00
  14  11  25  Na   -9357.00
  13  12  25  Mg  -13192.00
  12  13  25  Al   -8915.00
  11  14  25  Si    3825.00
  10  15  25  P    18870.00
  18   8  26  O    35160.00
  17   9  26  F    18290.00
  16  10  26  Ne     430.00
  15  11  26  Na   -6902.00
  14  12  26  Mg  -16214.00
  13  13  26  Al  -12210.00
  12  14  26  Si   -7145.00
  11  15  26  P    10970.00
  10  16  26  S    25970.00
  18   9  27  F    25050.00
  17  10  27  Ne    7090.00
  16  11  27  Na   -5580.00
  15  12  27  Mg  -14586.00
  14  13  27  Al  -17196.00
  13  14  27  Si  -12384.00
  12  15  27  P     -750.00
  11  16  27  S    17510.00
  19   9  28  F    33230.00
  18  10  28  Ne   11280.00
  17  11  28  Na   -1030.00
  16  12  28  Mg  -15018.00
  15  13  28  Al  -16850.00
  14  14  28  Si  -21492.00
  13  15  28  P    -7161.00
  12  16  28  S     4070.00
  11  17  28  Cl   26560.00
  20   9  29  F    40300.00
  19  10  29  Ne   18020.00
  18  11  29  Na    2620.00
  17  12  29  Mg  -10661.00
  16  13  29  Al  -18215.00
  15  14  29  Si  -21895.00
  14  15  29  P   -16951.00
  13  16  29  S    -3160.00
  12  17  29  Cl   13140.00
  20  10  30  Ne   22240.00
  19  11  30  Na    8590.00
  18  12  30  Mg   -8880.00
  17  13  30  Al  -15872.00
  16  14  30  Si  -24432.00
  15  15  30  P   -20200.00
  14  16  30  S   -14063.00
  13  17  30  Cl    4440.00
  12  18  30  Ar   20080.00
  21  10  31  Ne   30840.00
  20  11  31  Na   12660.00
  19  12  31  Mg   -3220.00
  18  13  31  Al  -14954.00
  17  14  31  Si  -22948.00
  16  15  31  P   -24440.00
  15  16  31  S   -19044.00
  14  17  31  Cl   -7060.00
  13  18  31  Ar   11300.00
  22  10  32  Ne   37180.00
  21  11  32  Na   18300.00
  20  12  32  Mg    -800.00
  19  13  32  Al  -11060.00
  18  14  32  Si  -24080.00
  17  15  32  P   -24305.00
  16  16  32  S   -26015.00
  15  17  32  Cl  -13331.00
  14  18  32  Ar   -2180.00
  13  19  32  K    20420.00
  22  11  33  Na   25510.00
  21  12  33  Mg    5200.00
  20  13  33  Al   -8500.00
  19  14  33  Si  -20492.00
  18  15  33  P   -26337.00
  17  16  33  S   -26586.00
  16  17  33  Cl  -21003.00
  15  18  33  Ar   -9380.00
  14  19  33  K     6760.00
  23  11  34  Na   32510.00
  22  12  34  Mg    8450.00
  21  13  34  Al   -2860.00
  20  14  34  Si  -19957.00
  19  15  34  P   -24558.00
  18  16  34  S   -29931.00
  17  17  34  Cl  -24440.00
  16  18  34  Ar  -18378.00
  15  19  34  K    -1480.00
  14  20  34  Ca   13150.00
  24  11  35  Na   41150.00
  23  12  35  Mg   16290.00
  22  13  35  Al     -60.00
  21  14  35  Si  -14360.00
  20  15  35  P   -24857.00
  19  16  35  S   -28846.00
  18  17  35  Cl  -29013.00
  17  18  35  Ar  -23048.00
  16  19  35  K   -11167.00
  15  20  35  Ca    4440.00
  24  12  36  Mg   20910.00
  23  13  36  Al    5920.00
  22  14  36  Si  -12400.00
  21  15  36  P   -20251.00
  20  16  36  S   -30663.00
  19  17  36  Cl  -29521.00
  18  18  36  Ar  -30230.00
  17  19  36  K   -17425.00
  16  20  36  Ca   -6440.00
  15  21  36  Sc   13900.00
  25  12  37  Mg   29100.00
  24  13  37  Al    9600.00
  23  14  37  Si   -6520.00
  22  15  37  P   -18990.00
  21  16  37  S   -26896.00
  20  17  37  Cl  -31761.00
  19  18  37  Ar  -30948.00
  18  19  37  K   -24799.00
  17  20  37  Ca  -13161.00
  16  21  37  Sc    2840.00
  25  13  38  Al   15740.00
  24  14  38  Si   -3740.00
  23  15  38  P   -14470.00
  22  16  38  S   -26861.00
  21  17  38  Cl  -29797.00
  20  18  38  Ar  -34714.00
  19  19  38  K   -28801.00
  18  20  38  Ca  -22059.00
  17  21  38  Sc   -4940.00
  16  22  38  Ti    9100.00
  26  13  39  Al   20400.00
  25  14  39  Si    2140.00
  24  15  39  P   -12650.00
  23  16  39  S   -23160.00
  22  17  39  Cl  -29800.00
  21  18  39  Ar  -33242.00
  20  19  39  K   -33806.00
  19  20  39  Ca  -27276.00
  18  21  39  Sc  -14168.00
  17  22  39  Ti    1230.00
  26  14  40  Si    5400.00
  25  15  40  P    -8340.00
  24  16  40  S   -22850.00
  23  17  40  Cl  -27560.00
  22  18  40  Ar  -35039.00
  21  19  40  K   -33535.00
  20  20  40  Ca  -34846.00
  19  21  40  Sc  -20526.00
  18  22  40  Ti   -8850.00
  17  23  40  V    10330.00
  27  14  41  Si   11830.00
  26  15  41  P    -4840.00
  25  16  41  S   -18600.00
  24  17  41  Cl  -27340.00
  23  18  41  Ar  -33067.00
  22  19  41  K   -35558.00
  21  20  41  Ca  -35137.00
  20  21  41  Sc  -28642.00
  19  22  41  Ti  -15710.00
  18  23  41  V     -240.00
  28  14  42  Si   15000.00
  27  15  42  P       80.00
  26  16  42  S   -17240.00
  25  17  42  Cl  -24990.00
  24  18  42  Ar  -34420.00
  23  19  42  K   -35021.00
  22  20  42  Ca  -38546.00
  21  21  42  Sc  -32120.00
  20  22  42  Ti  -25121.00
  19  23  42  V    -8170.00
  18  24  42  Cr    5990.00
  28  15  43  P     3080.00
  27  16  43  S   -12480.00
  26  17  43  Cl  -24030.00
  25  18  43  Ar  -31980.00
  24  19  43  K   -36593.00
  23  20  43  Ca  -38408.00
  22  21  43  Sc  -36187.00
  21  22  43  Ti  -29320.00
  20  23  43  V   -18020.00
  19  24  43  Cr   -2140.00
  29  15  44  P     9200.00
  28  16  44  S   -10880.00
  27  17  44  Cl  -19990.00
  26  18  44  Ar  -32262.00
  25  19  44  K   -35810.00
  24  20  44  Ca  -41469.00
  23  21  44  Sc  -37815.00
  22  22  44  Ti  -37548.00
  21  23  44  V   -23850.00
  20  24  44  Cr  -13540.00
  19  25  44  Mn    6400.00
  30  15  45  P    14100.00
  29  16  45  S    -4830.00
  28  17  45  Cl  -18910.00
  27  18  45  Ar  -29720.00
  26  19  45  K   -36608.00
  25  20  45  Ca  -40812.00
  24  21  45  Sc  -41069.00
  23  22  45  Ti  -39006.00
  22  23  45  V   -31874.00
  21  24  45  Cr  -19410.00
  20  25  45  Mn   -5110.00
  19  26  45  Fe   13560.00
  31  15  46  P    22200.00
  30  16  46  S     -400.00
  29  17  46  Cl  -14790.00
  28  18  46  Ar  -29720.00
  27  19  46  K   -35419.00
  26  20  46  Ca  -43134.00
  25  21  46  Sc  -41758.00
  24  22  46  Ti  -44125.00
  23  23  46  V   -37073.00
  22  24  46  Cr  -29471.00
  21  25  46  Mn  -12370.00
  20  26  46  Fe     760.00
  31  16  47  S     7100.00
  30  17  47  Cl  -11230.00
  29  18  47  Ar  -25910.00
  28  19  47  K   -35697.00
  27  20  47  Ca  -42339.00
  26  21  47  Sc  -44331.00
  25  22  47  Ti  -44931.00
  24  23  47  V   -42003.00
  23  24  47  Cr  -34552.00
  22  25  47  Mn  -22260.00
  21  26  47  Fe   -6620.00
  32  16  48  S    12100.00
  31  17  48  Cl   -4800.00
  30  18  48  Ar  -23220.00
  29  19  48  K   -32124.00
  28  20  48  Ca  -44215.00
  27  21  48  Sc  -44493.00
  26  22  48  Ti  -48487.00
  25  23  48  V   -44474.00
  24  24  48  Cr  -42815.00
  23  25  48  Mn  -29000.00
  22  26  48  Fe  -18110.00
  21  27  48  Co    1640.00
  33  16  49  S    20500.00
  32  17  49  Cl    -100.00
  31  18  49  Ar  -16600.00
  30  19  49  K   -30320.00
  29  20  49  Ca  -41290.00
  28  21  49  Sc  -46552.00
  27  22  49  Ti  -48558.00
  26  23  49  V   -47956.00
  25  24  49  Cr  -45325.00
  24  25  49  Mn  -37611.00
  23  26  49  Fe  -24580.00
  22  27  49  Co   -9580.00
  33  17  50  Cl    7200.00
  32  18  50  Ar  -13100.00
  31  19  50  K   -25350.00
  30  20  50  Ca  -39571.00
  29  21  50  Sc  -44538.00
  28  22  50  Ti  -51425.00
  27  23  50  V   -49217.00
  26  24  50  Cr  -50254.00
  25  25  50  Mn  -42621.00
  24  26  50  Fe  -34470.00
  23  27  50  Co  -17200.00
  22  28  50  Ni   -3790.00
  34  17  51  Cl   12600.00
  33  18  51  Ar   -6300.00
  32  19  51  K   -22000.00
  31  20  51  Ca  -35890.00
  30  21  51  Sc  -43219.00
  29  22  51  Ti  -49726.00
  28  23  51  V   -52197.00
  27  24  51  Cr  -51444.00
  26  25  51  Mn  -48237.00
  25  26  51  Fe  -40217.00
  24  27  51  Co  -27270.00
  23  28  51  Ni  -11440.00
  34  18  52  Ar   -1710.00
  33  19  52  K   -16200.00
  32  20  52  Ca  -32510.00
  31  21  52  Sc  -40380.00
  30  22  52  Ti  -49464.00
  29  23  52  V   -51437.00
  28  24  52  Cr  -55412.00
  27  25  52  Mn  -50701.00
  26  26  52  Fe  -48329.00
  25  27  52  Co  -33920.00
  24  28  52  Ni  -22650.00
  23  29  52  Cu   -2630.00
  35  18  53  Ar    5800.00
  34  19  53  K   -12000.00
  33  20  53  Ca  -27900.00
  32  21  53  Sc  -37970.00
  31  22  53  Ti  -46820.00
  30  23  53  V   -51845.00
  29  24  53  Cr  -55280.00
  28  25  53  Mn  -54683.00
  27  26  53  Fe  -50941.00
  26  27  53  Co  -42639.00
  25  28  53  Ni  -29380.00
  24  29  53  Cu  -13460.00
  35  19  54  K    -5600.00
  34  20  54  Ca  -23590.00
  33  21  54  Sc  -34470.00
  32  22  54  Ti  -45760.00
  31  23  54  V   -49887.00
  30  24  54  Cr  -56928.00
  29  25  54  Mn  -55551.00
  28  26  54  Fe  -56248.00
  27  27  54  Co  -48005.00
  26  28  54  Ni  -39210.00
  25  29  54  Cu  -21690.00
  24  30  54  Zn   -6570.00
  36  19  55  K     -570.00
  35  20  55  Ca  -18120.00
  34  21  55  Sc  -30340.00
  33  22  55  Ti  -41810.00
  32  23  55  V   -49150.00
  31  24  55  Cr  -55103.00
  30  25  55  Mn  -57706.00
  29  26  55  Fe  -57475.00
  28  27  55  Co  -54023.00
  27  28  55  Ni  -45330.00
  26  29  55  Cu  -31620.00
  25  30  55  Zn  -14920.00
  36  20  56  Ca  -13240.00
  35  21  56  Sc  -25470.00
  34  22  56  Ti  -39130.00
  33  23  56  V   -46240.00
  32  24  56  Cr  -55289.00
  31  25  56  Mn  -56905.00
  30  26  56  Fe  -60601.00
  29  27  56  Co  -56035.00
  28  28  56  Ni  -53900.00
  27  29  56  Cu  -38600.00
  26  30  56  Zn  -25730.00
  25  31  56  Ga   -4740.00
  37  20  57  Ca   -7120.00
  36  21  57  Sc  -21390.00
  35  22  57  Ti  -34560.00
  34  23  57  V   -44380.00
  33  24  57  Cr  -52390.00
  32  25  57  Mn  -57485.00
  31  26  57  Fe  -60175.00
  30  27  57  Co  -59339.00
  29  28  57  Ni  -56075.00
  28  29  57  Cu  -47305.00
  27  30  57  Zn  -32690.00
  26  31  57  Ga  -15900.00
  37  21  58  Sc  -15770.00
  36  22  58  Ti  -31570.00
  35  23  58  V   -40380.00
  34  24  58  Cr  -51930.00
  33  25  58  Mn  -55900.00
  32  26  58  Fe  -62148.00
  31  27  58  Co  -59841.00
  30  28  58  Ni  -60223.00
  29  29  58  Cu  -51660.00
  28  30  58  Zn  -42290.00
  27  31  58  Ga  -23990.00
  26  32  58  Ge   -8370.00
  38  21  59  Sc  -11140.00
  37  22  59  Ti  -26120.00
  36  23  59  V   -37910.00
  35  24  59  Cr  -47850.00
  34  25  59  Mn  -55473.00
  33  26  59  Fe  -60658.00
  32  27  59  Co  -62223.00
  31  28  59  Ni  -61151.00
  30  29  59  Cu  -56351.00
  29  30  59  Zn  -47260.00
  28  31  59  Ga  -34120.00
  27  32  59  Ge  -17000.00
  38  22  60  Ti  -22690.00
  37  23  60  V   -33070.00
  36  24  60  Cr  -46830.00
  35  25  60  Mn  -52910.00
  34  26  60  Fe  -61407.00
  33  27  60  Co  -61644.00
  32  28  60  Ni  -64468.00
  31  29  60  Cu  -58341.00
  30  30  60  Zn  -54183.00
  29  31  60  Ga  -40000.00
  28  32  60  Ge  -27770.00
  27  33  60  As   -6400.00
  39  22  61  Ti  -16750.00
  38  23  61  V   -30360.00
  37  24  61  Cr  -42760.00
  36  25  61  Mn  -51740.00
  35  26  61  Fe  -58917.00
  34  27  61  Co  -62895.00
  33  28  61  Ni  -64216.00
  32  29  61  Cu  -61979.00
  31  30  61  Zn  -56342.00
  30  31  61  Ga  -47350.00
  29  32  61  Ge  -33730.00
  28  33  61  As  -18050.00
  39  23  62  V   -25020.00
  38  24  62  Cr  -41170.00
  37  25  62  Mn  -48470.00
  36  26  62  Fe  -58898.00
  35  27  62  Co  -61428.00
  34  28  62  Ni  -66742.00
  33  29  62  Cu  -62795.00
  32  30  62  Zn  -61167.00
  31  31  62  Ga  -51996.00
  30  32  62  Ge  -42240.00
  29  33  62  As  -24960.00
  40  23  63  V   -21660.00
  39  24  63  Cr  -35530.00
  38  25  63  Mn  -46750.00
  37  26  63  Fe  -55780.00
  36  27  63  Co  -61837.00
  35  28  63  Ni  -65509.00
  34  29  63  Cu  -65576.00
  33  30  63  Zn  -62209.00
  32  31  63  Ga  -56690.00
  31  32  63  Ge  -46910.00
  30  33  63  As  -33820.00
  40  24  64  Cr  -33350.00
  39  25  64  Mn  -43100.00
  38  26  64  Fe  -55080.00
  37  27  64  Co  -59789.00
  36  28  64  Ni  -67095.00
  35  29  64  Cu  -65420.00
  34  30  64  Zn  -65999.00
  33  31  64  Ga  -58835.00
  32  32  64  Ge  -54420.00
  31  33  64  As  -39520.00
  41  24  65  Cr  -27600.00
  40  25  65  Mn  -40890.00
  39  26  65  Fe  -51290.00
  38  27  65  Co  -59164.00
  37  28  65  Ni  -65122.00
  36  29  65  Cu  -67259.00
  35  30  65  Zn  -65907.00
  34  31  65  Ga  -62652.00
  33  32  65  Ge  -56410.00
  32  33  65  As  -47060.00
  31  34  65  Se  -32920.00
  41  25  66  Mn  -36500.00
  40  26  66  Fe  -50320.00
  39  27  66  Co  -56050.00
  38  28  66  Ni  -66029.00
  37  29  66  Cu  -66254.00
  36  30  66  Zn  -68896.00
  35  31  66  Ga  -63721.00
  34  32  66  Ge  -61620.00
  33  33  66  As  -51820.00
  32  34  66  Se  -41720.00
  42  25  67  Mn  -33700.00
  41  26  67  Fe  -46570.00
  40  27  67  Co  -55320.00
  39  28  67  Ni  -63742.00
  38  29  67  Cu  -67300.00
  37  30  67  Zn  -67877.00
  36  31  67  Ga  -66876.00
  35  32  67  Ge  -62654.00
  34  33  67  As  -56640.00
  33  34  67  Se  -46490.00
  32  35  67  Br  -32800.00
  42  26  68  Fe  -44240.00
  41  27  68  Co  -51830.00
  40  28  68  Ni  -63486.00
  39  29  68  Cu  -65540.00
  38  30  68  Zn  -70004.00
  37  31  68  Ga  -67082.00
  36  32  68  Ge  -66977.00
  35  33  68  As  -58880.00
  34  34  68  Se  -54150.00
  33  35  68  Br  -38890.00
  43  26  69  Fe  -39400.00
  42  27  69  Co  -51050.00
  41  28  69  Ni  -60380.00
  40  29  69  Cu  -65740.00
  39  30  69  Zn  -68414.00
  38  31  69  Ga  -69321.00
  37  32  69  Ge  -67094.00
  36  33  69  As  -63080.00
  35  34  69  Se  -56300.00
  34  35  69  Br  -46410.00
  33  36  69  Kr  -32300.00
  43  27  70  Co  -46750.00
  42  28  70  Ni  -59490.00
  41  29  70  Cu  -62960.00
  40  30  70  Zn  -69559.00
  39  31  70  Ga  -68905.00
  38  32  70  Ge  -70560.00
  37  33  70  As  -64340.00
  36  34  70  Se  -61940.00
  35  35  70  Br  -51590.00
  34  36  70  Kr  -40980.00
  44  27  71  Co  -44960.00
  43  28  71  Ni  -55890.00
  42  29  71  Cu  -62760.00
  41  30  71  Zn  -67322.00
  40  31  71  Ga  -70136.00
  39  32  71  Ge  -69904.00
  38  33  71  As  -67892.00
  37  34  71  Se  -63090.00
  36  35  71  Br  -56590.00
  35  36  71  Kr  -46100.00
  34  37  71  Rb  -32300.00
  45  27  72  Co  -40600.00
  44  28  72  Ni  -54680.00
  43  29  72  Cu  -60060.00
  42  30  72  Zn  -68128.00
  41  31  72  Ga  -68586.00
  40  32  72  Ge  -72585.00
  39  33  72  As  -68229.00
  38  34  72  Se  -67894.00
  37  35  72  Br  -59150.00
  36  36  72  Kr  -54110.00
  35  37  72  Rb  -38120.00
  45  28  73  Ni  -50230.00
  44  29  73  Cu  -59160.00
  43  30  73  Zn  -65410.00
  42  31  73  Ga  -69704.00
  41  32  73  Ge  -71297.00
  40  33  73  As  -70956.00
  39  34  73  Se  -68216.00
  38  35  73  Br  -63530.00
  37  36  73  Kr  -56890.00
  36  37  73  Rb  -46230.00
  35  38  73  Sr  -31700.00
  46  28  74  Ni  -48520.00
  45  29  74  Cu  -55700.00
  44  30  74  Zn  -65710.00
  43  31  74  Ga  -68050.00
  42  32  74  Ge  -73422.00
  41  33  74  As  -70859.00
  40  34  74  Se  -72212.00
  39  35  74  Br  -65306.00
  38  36  74  Kr  -62170.00
  37  37  74  Rb  -51730.00
  36  38  74  Sr  -40700.00
  47  28  75  Ni  -43810.00
  46  29  75  Cu  -54310.00
  45  30  75  Zn  -62470.00
  44  31  75  Ga  -68464.00
  43  32  75  Ge  -71855.00
  42  33  75  As  -73032.00
  41  34  75  Se  -72168.00
  40  35  75  Br  -69139.00
  39  36  75  Kr  -64242.00
  38  37  75  Rb  -57222.00
  37  38  75  Sr  -46650.00
  48  28  76  Ni  -41610.00
  47  29  76  Cu  -50310.00
  46  30  76  Zn  -62040.00
  45  31  76  Ga  -66200.00
  44  32  76  Ge  -73212.00
  43  33  76  As  -72289.00
  42  34  76  Se  -75251.00
  41  35  76  Br  -70289.00
  40  36  76  Kr  -68979.00
  39  37  76  Rb  -60481.00
  38  38  76  Sr  -54390.00
  49  28  77  Ni  -36490.00
  48  29  77  Cu  -48480.00
  47  30  77  Zn  -58600.00
  46  31  77  Ga  -65870.00
  45  32  77  Ge  -71214.00
  44  33  77  As  -73916.00
  43  34  77  Se  -74599.00
  42  35  77  Br  -73234.00
  41  36  77  Kr  -70171.00
  40  37  77  Rb  -64826.00
  39  38  77  Sr  -57970.00
  38  39  77  Y   -46930.00
  50  28  78  Ni  -33720.00
  49  29  78  Cu  -43960.00
  48  30  78  Zn  -57220.00
  47  31  78  Ga  -63660.00
  46  32  78  Ge  -71862.00
  45  33  78  As  -72816.00
  44  34  78  Se  -77025.00
  43  35  78  Br  -73452.00
  42  36  78  Kr  -74160.00
  41  37  78  Rb  -66936.00
  40  38  78  Sr  -63175.00
  39  39  78  Y   -52630.00
  50  29  79  Cu  -41660.00
  49  30  79  Zn  -53400.00
  48  31  79  Ga  -62490.00
  47  32  79  Ge  -69490.00
  46  33  79  As  -73636.00
  45  34  79  Se  -75916.00
  44  35  79  Br  -76068.00
  43  36  79  Kr  -74442.00
  42  37  79  Rb  -70797.00
  41  38  79  Sr  -65477.00
  40  39  79  Y   -58360.00
  39  40  79  Zr  -47360.00
  51  29  80  Cu  -35500.00
  50  30  80  Zn  -51780.00
  49  31  80  Ga  -59070.00
  48  32  80  Ge  -69448.00
  47  33  80  As  -72118.00
  46  34  80  Se  -77759.00
  45  35  80  Br  -75888.00
  44  36  80  Kr  -77893.00
  43  37  80  Rb  -72173.00
  42  38  80  Sr  -70305.00
  41  39  80  Y   -61170.00
  40  40  80  Zr  -55380.00
  51  30  81  Zn  -46130.00
  50  31  81  Ga  -57980.00
  49  32  81  Ge  -66300.00
  48  33  81  As  -72533.00
  47  34  81  Se  -76389.00
  46  35  81  Br  -77974.00
  45  36  81  Kr  -77693.00
  44  37  81  Rb  -75456.00
  43  38  81  Sr  -71527.00
  42  39  81  Y   -66020.00
  41  40  81  Zr  -58860.00
  40  41  81  Nb  -47460.00
  52  30  82  Zn  -42070.00
  51  31  82  Ga  -52950.00
  50  32  82  Ge  -65620.00
  49  33  82  As  -70320.00
  48  34  82  Se  -77593.00
  47  35  82  Br  -77495.00
  46  36  82  Kr  -80588.00
  45  37  82  Rb  -76189.00
  44  38  82  Sr  -76009.00
  43  39  82  Y   -68190.00
  42  40  82  Zr  -64190.00
  41  41  82  Nb  -52970.00
  52  31  83  Ga  -49490.00
  51  32  83  Ge  -61000.00
  50  33  83  As  -69880.00
  49  34  83  Se  -75340.00
  48  35  83  Br  -79009.00
  47  36  83  Kr  -79982.00
  46  37  83  Rb  -79073.00
  45  38  83  Sr  -76797.00
  44  39  83  Y   -72330.00
  43  40  83  Zr  -66460.00
  42  41  83  Nb  -58960.00
  41  42  83  Mo  -47750.00
  53  31  84  Ga  -44400.00
  52  32  84  Ge  -58400.00
  51  33  84  As  -66080.00
  50  34  84  Se  -75950.00
  49  35  84  Br  -77776.00
  48  36  84  Kr  -82431.00
  47  37  84  Rb  -79750.00
  46  38  84  Sr  -80644.00
  45  39  84  Y   -74160.00
  44  40  84  Zr  -71490.00
  43  41  84  Nb  -61880.00
  42  42  84  Mo  -55810.00
  53  32  85  Ge  -53380.00
  52  33  85  As  -63520.00
  51  34  85  Se  -72429.00
  50  35  85  Br  -78611.00
  49  36  85  Kr  -81480.00
  48  37  85  Rb  -82167.00
  47  38  85  Sr  -81103.00
  46  39  85  Y   -77848.00
  45  40  85  Zr  -73150.00
  44  41  85  Nb  -67150.00
  43  42  85  Mo  -59070.00
  42  43  85  Tc  -47560.00
  54  32  86  Ge  -50050.00
  53  33  86  As  -59400.00
  52  34  86  Se  -70541.00
  51  35  86  Br  -75640.00
  50  36  86  Kr  -83265.00
  49  37  86  Rb  -82747.00
  48  38  86  Sr  -84521.00
  47  39  86  Y   -79282.00
  46  40  86  Zr  -77810.00
  45  41  86  Nb  -69830.00
  44  42  86  Mo  -64560.00
  43  43  86  Tc  -53210.00
  54  33  87  As  -56280.00
  53  34  87  Se  -66580.00
  52  35  87  Br  -73857.00
  51  36  87  Kr  -80710.00
  50  37  87  Rb  -84595.00
  49  38  87  Sr  -84878.00
  48  39  87  Y   -83016.00
  47  40  87  Zr  -79348.00
  46  41  87  Nb  -74180.00
  45  42  87  Mo  -67690.00
  44  43  87  Tc  -59120.00
  43  44  87  Ru  -47340.00
  55  33  88  As  -51640.00
  54  34  88  Se  -63880.00
  53  35  88  Br  -70730.00
  52  36  88  Kr  -79692.00
  51  37  88  Rb  -82606.00
  50  38  88  Sr  -87919.00
  49  39  88  Y   -84297.00
  48  40  88  Zr  -83624.00
  47  41  88  Nb  -76420.00
  46  42  88  Mo  -72701.00
  45  43  88  Tc  -62570.00
  44  44  88  Ru  -55500.00
  56  33  89  As  -47290.00
  55  34  89  Se  -59600.00
  54  35  89  Br  -68570.00
  53  36  89  Kr  -76720.00
  52  37  89  Rb  -81711.00
  51  38  89  Sr  -86207.00
  50  39  89  Y   -87702.00
  49  40  89  Zr  -84869.00
  48  41  89  Nb  -80580.00
  47  42  89  Mo  -75003.00
  46  43  89  Tc  -67490.00
  45  44  89  Ru  -59510.00
  44  45  89  Rh  -47150.00
  56  34  90  Se  -56430.00
  55  35  90  Br  -64610.00
  54  36  90  Kr  -74963.00
  53  37  90  Rb  -79355.00
  52  38  90  Sr  -85941.00
  51  39  90  Y   -86487.00
  50  40  90  Zr  -88767.00
  49  41  90  Nb  -82657.00
  48  42  90  Mo  -80168.00
  47  43  90  Tc  -71210.00
  46  44  90  Ru  -65410.00
  45  45  90  Rh  -53220.00
  57  34  91  Se  -50890.00
  56  35  91  Br  -61510.00
  55  36  91  Kr  -71310.00
  54  37  91  Rb  -77748.00
  53  38  91  Sr  -83639.00
  52  39  91  Y   -86346.00
  51  40  91  Zr  -87891.00
  50  41  91  Nb  -86638.00
  49  42  91  Mo  -82204.00
  48  43  91  Tc  -75980.00
  47  44  91  Ru  -68580.00
  46  45  91  Rh  -59100.00
  45  46  91  Pd  -47060.00
  58  34  92  Se  -47200.00
  57  35  92  Br  -56580.00
  56  36  92  Kr  -68788.00
  55  37  92  Rb  -74775.00
  54  38  92  Sr  -82875.00
  53  39  92  Y   -84815.00
  52  40  92  Zr  -88454.00
  51  41  92  Nb  -86449.00
  50  42  92  Mo  -86805.00
  49  43  92  Tc  -78935.00
  48  44  92  Ru  -74410.00
  47  45  92  Rh  -63360.00
  46  46  92  Pd  -55500.00
  58  35  93  Br  -53000.00
  57  36  93  Kr  -64030.00
  56  37  93  Rb  -72626.00
  55  38  93  Sr  -80088.00
  54  39  93  Y   -84224.00
  53  40  93  Zr  -87117.00
  52  41  93  Nb  -87208.00
  51  42  93  Mo  -86804.00
  50  43  93  Tc  -83603.00
  49  44  93  Ru  -77270.00
  48  45  93  Rh  -69170.00
  47  46  93  Pd  -59700.00
  59  35  94  Br  -47800.00
  58  36  94  Kr  -61140.00
  57  37  94  Rb  -68551.00
  56  38  94  Sr  -78842.00
  55  39  94  Y   -82350.00
  54  40  94  Zr  -87266.00
  53  41  94  Nb  -86364.00
  52  42  94  Mo  -88410.00
  51  43  94  Tc  -84155.00
  50  44  94  Ru  -82568.00
  49  45  94  Rh  -72940.00
  48  46  94  Pd  -66350.00
  47  47  94  Ag  -53300.00
  59  36  95  Kr  -56040.00
  58  37  95  Rb  -65839.00
  57  38  95  Sr  -75117.00
  56  39  95  Y   -81204.00
  55  40  95  Zr  -85657.00
  54  41  95  Nb  -86782.00
  53  42  95  Mo  -87708.00
  52  43  95  Tc  -86017.00
  51  44  95  Ru  -83450.00
  50  45  95  Rh  -78340.00
  49  46  95  Pd  -70150.00
  48  47  95  Ag  -60100.00
  60  36  96  Kr  -53030.00
  59  37  96  Rb  -61214.00
  58  38  96  Sr  -72954.00
  57  39  96  Y   -78341.00
  56  40  96  Zr  -85441.00
  55  41  96  Nb  -85604.00
  54  42  96  Mo  -88791.00
  53  43  96  Tc  -85818.00
  52  44  96  Ru  -86072.00
  51  45  96  Rh  -79626.00
  50  46  96  Pd  -76180.00
  49  47  96  Ag  -64570.00
  48  48  96  Cd  -56100.00
  61  36  97  Kr  -47920.00
  60  37  97  Rb  -58365.00
  59  38  97  Sr  -68792.00
  58  39  97  Y   -76260.00
  57  40  97  Zr  -82949.00
  56  41  97  Nb  -85606.00
  55  42  97  Mo  -87540.00
  54  43  97  Tc  -87221.00
  53  44  97  Ru  -86112.00
  52  45  97  Rh  -82590.00
  51  46  97  Pd  -77800.00
  50  47  97  Ag  -70790.00
  49  48  97  Cd  -60600.00
  61  37  98  Rb  -54300.00
  60  38  98  Sr  -66629.00
  59  39  98  Y   -72452.00
  58  40  98  Zr  -81276.00
  57  41  98  Nb  -83526.00
  56  42  98  Mo  -88112.00
  55  43  98  Tc  -86428.00
  54  44  98  Ru  -88224.00
  53  45  98  Rh  -83167.00
  52  46  98  Pd  -81300.00
  51  47  98  Ag  -72880.00
  50  48  98  Cd  -67460.00
  49  49  98  In  -53800.00
  62  37  99  Rb  -50840.00
  61  38  99  Sr  -62120.00
  60  39  99  Y   -70202.00
  59  40  99  Zr  -77769.00
  58  41  99  Nb  -82327.00
  57  42  99  Mo  -85966.00
  56  43  99  Tc  -87323.00
  55  44  99  Ru  -87617.00
  54  45  99  Rh  -85574.00
  53  46  99  Pd  -82188.00
  52  47  99  Ag  -76760.00
  51  48  99  Cd  -69850.00
  50  49  99  In  -60910.00
  63  37 100  Rb  -46700.00
  62  38 100  Sr  -60220.00
  61  39 100  Y   -67290.00
  60  40 100  Zr  -76600.00
  59  41 100  Nb  -79939.00
  58  42 100  Mo  -86184.00
  57  43 100  Tc  -86016.00
  56  44 100  Ru  -89218.00
  55  45 100  Rh  -85589.00
  54  46 100  Pd  -85227.00
  53  47 100  Ag  -78180.00
  52  48 100  Cd  -74310.00
  51  49 100  In  -64130.00
  50  50 100  Sn  -56860.00
  64  37 101  Rb  -43600.00
  63  38 101  Sr  -55410.00
  62  39 101  Y   -64910.00
  61  40 101  Zr  -73460.00
  60  41 101  Nb  -78943.00
  59  42 101  Mo  -83512.00
  58  43 101  Tc  -86336.00
  57  44 101  Ru  -87949.00
  56  45 101  Rh  -87408.00
  55  46 101  Pd  -85428.00
  54  47 101  Ag  -81220.00
  53  48 101  Cd  -75750.00
  52  49 101  In  -68410.00
  51  50 101  Sn  -59560.00
  65  37 102  Rb  -38000.00
  64  38 102  Sr  -53080.00
  63  39 102  Y   -61890.00
  62  40 102  Zr  -71740.00
  61  41 102  Nb  -76350.00
  60  42 102  Mo  -83558.00
  59  43 102  Tc  -84568.00
  58  44 102  Ru  -89097.00
  57  45 102  Rh  -86775.00
  56  46 102  Pd  -87926.00
  55  47 102  Ag  -81970.00
  54  48 102  Cd  -79380.00
  53  49 102  In  -70130.00
  52  50 102  Sn  -64750.00
  65  38 103  Sr  -47550.00
  64  39 103  Y   -58740.00
  63  40 103  Zr  -68370.00
  62  41 103  Nb  -75320.00
  61  42 103  Mo  -80850.00
  60  43 103  Tc  -84599.00
  59  44 103  Ru  -87258.00
  58  45 103  Rh  -88022.00
  57  46 103  Pd  -87479.00
  56  47 103  Ag  -84792.00
  55  48 103  Cd  -80650.00
  54  49 103  In  -74600.00
  53  50 103  Sn  -66950.00
  52  51 103  Sb  -55780.00
  66  38 104  Sr  -44400.00
  65  39 104  Y   -54540.00
  64  40 104  Zr  -66340.00
  63  41 104  Nb  -72230.00
  62  42 104  Mo  -80330.00
  61  43 104  Tc  -82490.00
  60  44 104  Ru  -88091.00
  59  45 104  Rh  -86950.00
  58  46 104  Pd  -89391.00
  57  47 104  Ag  -85112.00
  56  48 104  Cd  -83976.00
  55  49 104  In  -76070.00
  54  50 104  Sn  -71550.00
  53  51 104  Sb  -59350.00
  66  39 105  Y   -51150.00
  65  40 105  Zr  -62360.00
  64  41 105  Nb  -70850.00
  63  42 105  Mo  -77340.00
  62  43 105  Tc  -82290.00
  61  44 105  Ru  -85930.00
  60  45 105  Rh  -87847.00
  59  46 105  Pd  -88414.00
  58  47 105  Ag  -87068.00
  57  48 105  Cd  -84330.00
  56  49 105  In  -79481.00
  55  50 105  Sn  -73220.00
  54  51 105  Sb  -63780.00
  67  39 106  Y   -46370.00
  66  40 106  Zr  -59700.00
  65  41 106  Nb  -66890.00
  64  42 106  Mo  -76257.00
  63  43 106  Tc  -79777.00
  62  44 106  Ru  -86324.00
  61  45 106  Rh  -86364.00
  60  46 106  Pd  -89905.00
  59  47 106  Ag  -86940.00
  58  48 106  Cd  -87134.00
  57  49 106  In  -80610.00
  56  50 106  Sn  -77430.00
  55  51 106  Sb  -66360.00
  54  52 106  Te  -58030.00
  67  40 107  Zr  -55090.00
  66  41 107  Nb  -64920.00
  65  42 107  Mo  -72940.00
  64  43 107  Tc  -79100.00
  63  44 107  Ru  -83920.00
  62  45 107  Rh  -86861.00
  61  46 107  Pd  -88372.00
  60  47 107  Ag  -88405.00
  59  48 107  Cd  -86988.00
  58  49 107  In  -83562.00
  57  50 107  Sn  -78560.00
  56  51 107  Sb  -70650.00
  55  52 107  Te  -60510.00
  68  40 108  Zr  -51900.00
  67  41 108  Nb  -60540.00
  66  42 108  Mo  -71190.00
  65  43 108  Tc  -75940.00
  64  44 108  Ru  -83660.00
  63  45 108  Rh  -85020.00
  62  46 108  Pd  -89522.00
  61  47 108  Ag  -87604.00
  60  48 108  Cd  -89253.00
  59  49 108  In  -84100.00
  58  50 108  Sn  -82000.00
  57  51 108  Sb  -72510.00
  56  52 108  Te  -65680.00
  55  53 108  I   -52820.00
  68  41 109  Nb  -58100.00
  67  42 109  Mo  -67250.00
  66  43 109  Tc  -74870.00
  65  44 109  Ru  -80850.00
  64  45 109  Rh  -85012.00
  63  46 109  Pd  -87604.00
  62  47 109  Ag  -88720.00
  61  48 109  Cd  -88505.00
  60  49 109  In  -86485.00
  59  50 109  Sn  -82636.00
  58  51 109  Sb  -76256.00
  57  52 109  Te  -67570.00
  56  53 109  I   -57570.00
  69  41 110  Nb  -53390.00
  68  42 110  Mo  -65460.00
  67  43 110  Tc  -71360.00
  66  44 110  Ru  -80140.00
  65  45 110  Rh  -82950.00
  64  46 110  Pd  -88350.00
  63  47 110  Ag  -87458.00
  62  48 110  Cd  -90349.00
  61  49 110  In  -86472.00
  60  50 110  Sn  -85835.00
  59  51 110  Sb  -77540.00
  58  52 110  Te  -72280.00
  57  53 110  I   -60350.00
  56  54 110  Xe  -51720.00
  69  42 111  Mo  -61000.00
  68  43 111  Tc  -69820.00
  67  44 111  Ru  -76790.00
  66  45 111  Rh  -82290.00
  65  46 111  Pd  -86030.00
  64  47 111  Ag  -88217.00
  63  48 111  Cd  -89254.00
  62  49 111  In  -88389.00
  61  50 111  Sn  -85944.00
  60  51 111  Sb  -80840.00
  59  52 111  Te  -73480.00
  58  53 111  I   -64950.00
  57  54 111  Xe  -54370.00
  70  42 112  Mo  -58830.00
  69  43 112  Tc  -65910.00
  68  44 112  Ru  -75870.00
  67  45 112  Rh  -79540.00
  66  46 112  Pd  -86337.00
  65  47 112  Ag  -86625.00
  64  48 112  Cd  -90581.00
  63  49 112  In  -87995.00
  62  50 112  Sn  -88659.00
  61  51 112  Sb  -81604.00
  60  52 112  Te  -77260.00
  59  53 112  I   -67100.00
  58  54 112  Xe  -59930.00
  57  55 112  Cs  -46270.00
  71  42 113  Mo  -54000.00
  70  43 113  Tc  -63970.00
  69  44 113  Ru  -72150.00
  68  45 113  Rh  -78790.00
  67  46 113  Pd  -83690.00
  66  47 113  Ag  -87033.00
  65  48 113  Cd  -89049.00
  64  49 113  In  -89366.00
  63  50 113  Sn  -88330.00
  62  51 113  Sb  -84414.00
  61  52 113  Te  -78310.00
  60  53 113  I   -71120.00
  59  54 113  Xe  -62050.00
  58  55 113  Cs  -51660.00
  71  43 114  Tc  -59730.00
  70  44 114  Ru  -70790.00
  69  45 114  Rh  -75590.00
  68  46 114  Pd  -83494.00
  67  47 114  Ag  -84945.00
  66  48 114  Cd  -90021.00
  65  49 114  In  -88569.00
  64  50 114  Sn  -90558.00
  63  51 114  Sb  -84680.00
  62  52 114  Te  -81920.00
  61  53 114  I   -72800.00
  60  54 114  Xe  -66930.00
  59  55 114  Cs  -54570.00
  58  56 114  Ba  -45700.00
  72  43 115  Tc  -57490.00
  71  44 115  Ru  -66780.00
  70  45 115  Rh  -74400.00
  69  46 115  Pd  -80400.00
  68  47 115  Ag  -84990.00
  67  48 115  Cd  -88090.00
  66  49 115  In  -89537.00
  65  50 115  Sn  -90032.00
  64  51 115  Sb  -87003.00
  63  52 115  Te  -82360.00
  62  53 115  I   -76460.00
  61  54 115  Xe  -68430.00
  60  55 115  Cs  -59670.00
  59  56 115  Ba  -48710.00
  72  44 116  Ru  -65060.00
  71  45 116  Rh  -71060.00
  70  46 116  Pd  -79960.00
  69  47 116  Ag  -82570.00
  68  48 116  Cd  -88720.00
  67  49 116  In  -88250.00
  66  50 116  Sn  -91524.00
  65  51 116  Sb  -86818.00
  64  52 116  Te  -85310.00
  63  53 116  I   -77560.00
  62  54 116  Xe  -72900.00
  61  55 116  Cs  -62490.00
  60  56 116  Ba  -54330.00
  73  44 117  Ru  -60740.00
  72  45 117  Rh  -69540.00
  71  46 117  Pd  -76530.00
  70  47 117  Ag  -82270.00
  69  48 117  Cd  -86426.00
  68  49 117  In  -88943.00
  67  50 117  Sn  -90398.00
  66  51 117  Sb  -88641.00
  65  52 117  Te  -85107.00
  64  53 117  I   -80440.00
  63  54 117  Xe  -73990.00
  62  55 117  Cs  -66470.00
  61  56 117  Ba  -56950.00
  60  57 117  La  -46570.00
  74  44 118  Ru  -58660.00
  73  45 118  Rh  -65740.00
  72  46 118  Pd  -75470.00
  71  47 118  Ag  -79570.00
  70  48 118  Cd  -86709.00
  69  49 118  In  -87230.00
  68  50 118  Sn  -91653.00
  67  51 118  Sb  -87996.00
  66  52 118  Te  -87723.00
  65  53 118  I   -80690.00
  64  54 118  Xe  -77710.00
  63  55 118  Cs  -68414.00
  62  56 118  Ba  -62000.00
  61  57 118  La  -49770.00
  74  45 119  Rh  -63940.00
  73  46 119  Pd  -72020.00
  72  47 119  Ag  -78560.00
  71  48 119  Cd  -83910.00
  70  49 119  In  -87704.00
  69  50 119  Sn  -90067.00
  68  51 119  Sb  -89473.00
  67  52 119  Te  -87180.00
  66  53 119  I   -83670.00
  65  54 119  Xe  -78660.00
  64  55 119  Cs  -72311.00
  63  56 119  Ba  -64220.00
  62  57 119  La  -54970.00
  61  58 119  Ce  -44000.00
  75  45 120  Rh  -59820.00
  74  46 120  Pd  -70770.00
  73  47 120  Ag  -75650.00
  72  48 120  Cd  -83973.00
  71  49 120  In  -85730.00
  70  50 120  Sn  -91103.00
  69  51 120  Sb  -88423.00
  68  52 120  Te  -89405.00
  67  53 120  I   -83790.00
  66  54 120  Xe  -81830.00
  65  55 120  Cs  -73888.00
  64  56 120  Ba  -68890.00
  63  57 120  La  -57690.00
  62  58 120  Ce  -49710.00
  76  45 121  Rh  -57680.00
  75  46 121  Pd  -66900.00
  74  47 121  Ag  -74660.00
  73  48 121  Cd  -81060.00
  72  49 121  In  -85838.00
  71  50 121  Sn  -89202.00
  70  51 121  Sb  -89592.00
  69  52 121  Te  -88557.00
  68  53 121  I   -86288.00
  67  54 121  Xe  -82543.00
  66  55 121  Cs  -77143.00
  65  56 121  Ba  -70340.00
  64  57 121  La  -62400.00
  63  58 121  Ce  -52470.00
  62  59 121  Pr  -41580.00
  76  46 122  Pd  -65390.00
  75  47 122  Ag  -71430.00
  74  48 122  Cd  -80570.00
  73  49 122  In  -83580.00
  72  50 122  Sn  -89944.00
  71  51 122  Sb  -88328.00
  70  52 122  Te  -90311.00
  69  53 122  I   -86077.00
  68  54 122  Xe  -85190.00
  67  55 122  Cs  -78132.00
  66  56 122  Ba  -74280.00
  65  57 122  La  -64540.00
  64  58 122  Ce  -57740.00
  63  59 122  Pr  -45040.00
  77  46 123  Pd  -61240.00
  76  47 123  Ag  -69960.00
  75  48 123  Cd  -77310.00
  74  49 123  In  -83426.00
  73  50 123  Sn  -87819.00
  72  51 123  Sb  -89222.00
  71  52 123  Te  -89169.00
  70  53 123  I   -87935.00
  69  54 123  Xe  -85259.00
  68  55 123  Cs  -81049.00
  67  56 123  Ba  -75590.00
  66  57 123  La  -68710.00
  65  58 123  Ce  -60070.00
  64  59 123  Pr  -50340.00
  77  47 124  Ag  -66570.00
  76  48 124  Cd  -76710.00
  75  49 124  In  -80880.00
  74  50 124  Sn  -88236.00
  73  51 124  Sb  -87618.00
  72  52 124  Te  -90523.00
  71  53 124  I   -87363.00
  70  54 124  Xe  -87657.00
  69  55 124  Cs  -81743.00
  68  56 124  Ba  -79095.00
  67  57 124  La  -70300.00
  66  58 124  Ce  -64720.00
  65  59 124  Pr  -53130.00
  78  47 125  Ag  -64700.00
  77  48 125  Cd  -73360.00
  76  49 125  In  -80480.00
  75  50 125  Sn  -85897.00
  74  51 125  Sb  -88261.00
  73  52 125  Te  -89027.00
  72  53 125  I   -88842.00
  71  54 125  Xe  -87189.00
  70  55 125  Cs  -84091.00
  69  56 125  Ba  -79530.00
  68  57 125  La  -73900.00
  67  58 125  Ce  -66570.00
  66  59 125  Pr  -57910.00
  79  47 126  Ag  -61010.00
  78  48 126  Cd  -72330.00
  77  49 126  In  -77810.00
  76  50 126  Sn  -86020.00
  75  51 126  Sb  -86400.00
  74  52 126  Te  -90070.00
  73  53 126  I   -87915.00
  72  54 126  Xe  -89173.00
  71  55 126  Cs  -84349.00
  70  56 126  Ba  -82676.00
  69  57 126  La  -75110.00
  68  58 126  Ce  -70700.00
  67  59 126  Pr  -60260.00
  66  60 126  Nd  -53030.00
  80  47 127  Ag  -58800.00
  79  48 127  Cd  -68530.00
  78  49 127  In  -76990.00
  77  50 127  Sn  -83508.00
  76  51 127  Sb  -86709.00
  75  52 127  Te  -88290.00
  74  53 127  I   -88987.00
  73  54 127  Xe  -88325.00
  72  55 127  Cs  -86240.00
  71  56 127  Ba  -82790.00
  70  57 127  La  -78100.00
  69  58 127  Ce  -71960.00
  68  59 127  Pr  -64430.00
  67  60 127  Nd  -55420.00
  80  48 128  Cd  -67290.00
  79  49 128  In  -74360.00
  78  50 128  Sn  -83336.00
  77  51 128  Sb  -84610.00
  76  52 128  Te  -88993.00
  75  53 128  I   -87742.00
  74  54 128  Xe  -89860.00
  73  55 128  Cs  -85932.00
  72  56 128  Ba  -85410.00
  71  57 128  La  -78760.00
  70  58 128  Ce  -75570.00
  69  59 128  Pr  -66320.00
  68  60 128  Nd  -60180.00
  67  61 128  Pm  -48200.00
  81  48 129  Cd  -63100.00
  80  49 129  In  -72980.00
  79  50 129  Sn  -80630.00
  78  51 129  Sb  -84626.00
  77  52 129  Te  -87006.00
  76  53 129  I   -88504.00
  75  54 129  Xe  -88697.00
  74  55 129  Cs  -87501.00
  73  56 129  Ba  -85070.00
  72  57 129  La  -81350.00
  71  58 129  Ce  -76300.00
  70  59 129  Pr  -69990.00
  69  60 129  Nd  -62170.00
  68  61 129  Pm  -52950.00
  82  48 130  Cd  -61500.00
  81  49 130  In  -70000.00
  80  50 130  Sn  -80246.00
  79  51 130  Sb  -82394.00
  78  52 130  Te  -87352.00
  77  53 130  I   -86933.00
  76  54 130  Xe  -89881.00
  75  55 130  Cs  -86903.00
  74  56 130  Ba  -87271.00
  73  57 130  La  -81670.00
  72  58 130  Ce  -79460.00
  71  59 130  Pr  -71370.00
  70  60 130  Nd  -66340.00
  69  61 130  Pm  -55470.00
  68  62 130  Sm  -47850.00
  82  49 131  In  -68220.00
  81  50 131  Sn  -77390.00
  80  51 131  Sb  -82020.00
  79  52 131  Te  -85211.00
  78  53 131  I   -87444.00
  77  54 131  Xe  -88415.00
  76  55 131  Cs  -88063.00
  75  56 131  Ba  -86693.00
  74  57 131  La  -83730.00
  73  58 131  Ce  -79710.00
  72  59 131  Pr  -74460.00
  71  60 131  Nd  -67900.00
  70  61 131  Pm  -59800.00
  69  62 131  Sm  -50400.00
  83  49 132  In  -62490.00
  82  50 132  Sn  -76621.00
  81  51 132  Sb  -79724.00
  80  52 132  Te  -85210.00
  79  53 132  I   -85703.00
  78  54 132  Xe  -89279.00
  77  55 132  Cs  -87160.00
  76  56 132  Ba  -88440.00
  75  57 132  La  -83730.00
  74  58 132  Ce  -82450.00
  73  59 132  Pr  -75340.00
  72  60 132  Nd  -71610.00
  71  61 132  Pm  -61710.00
  70  62 132  Sm  -55130.00
  69  63 132  Eu  -42700.00
  84  49 133  In  -57440.00
  83  50 133  Sn  -70970.00
  82  51 133  Sb  -78960.00
  81  52 133  Te  -82960.00
  80  53 133  I   -85878.00
  79  54 133  Xe  -87648.00
  78  55 133  Cs  -88075.00
  77  56 133  Ba  -87558.00
  76  57 133  La  -85330.00
  75  58 133  Ce  -82390.00
  74  59 133  Pr  -78060.00
  73  60 133  Nd  -72460.00
  72  61 133  Pm  -65470.00
  71  62 133  Sm  -57070.00
  70  63 133  Eu  -47600.00
  85  49 134  In  -51550.00
  84  50 134  Sn  -66640.00
  83  51 134  Sb  -74010.00
  82  52 134  Te  -82400.00
  81  53 134  I   -83949.00
  80  54 134  Xe  -88124.00
  79  55 134  Cs  -86895.00
  78  56 134  Ba  -88954.00
  77  57 134  La  -85241.00
  76  58 134  Ce  -84740.00
  75  59 134  Pr  -78550.00
  74  60 134  Nd  -75780.00
  73  61 134  Pm  -66610.00
  72  62 134  Sm  -61460.00
  71  63 134  Eu  -50000.00
  85  50 135  Sn  -60800.00
  84  51 135  Sb  -69710.00
  83  52 135  Te  -77830.00
  82  53 135  I   -83788.00
  81  54 135  Xe  -86436.00
  80  55 135  Cs  -87587.00
  79  56 135  Ba  -87855.00
  78  57 135  La  -86656.00
  77  58 135  Ce  -84630.00
  76  59 135  Pr  -80910.00
  75  60 135  Nd  -76160.00
  74  61 135  Pm  -70220.00
  73  62 135  Sm  -63020.00
  72  63 135  Eu  -54290.00
  86  50 136  Sn  -56500.00
  85  51 136  Sb  -64590.00
  84  52 136  Te  -74420.00
  83  53 136  I   -79500.00
  82  54 136  Xe  -86424.00
  81  55 136  Cs  -86344.00
  80  56 136  Ba  -88892.00
  79  57 136  La  -86020.00
  78  58 136  Ce  -86500.00
  77  59 136  Pr  -81370.00
  76  60 136  Nd  -79160.00
  75  61 136  Pm  -71310.00
  74  62 136  Sm  -66790.00
  73  63 136  Eu  -56360.00
  72  64 136  Gd  -49300.00
  87  50 137  Sn  -50500.00
  86  51 137  Sb  -60260.00
  85  52 137  Te  -69560.00
  84  53 137  I   -76501.00
  83  54 137  Xe  -82379.00
  82  55 137  Cs  -86551.00
  81  56 137  Ba  -87726.00
  80  57 137  La  -87130.00
  79  58 137  Ce  -85900.00
  78  59 137  Pr  -83200.00
  77  60 137  Nd  -79510.00
  76  61 137  Pm  -73860.00
  75  62 137  Sm  -67960.00
  74  63 137  Eu  -60350.00
  73  64 137  Gd  -51560.00
  87  51 138  Sb  -55000.00
  86  52 138  Te  -65930.00
  85  53 138  I   -72300.00
  84  54 138  Xe  -80120.00
  83  55 138  Cs  -82893.00
  82  56 138  Ba  -88267.00
  81  57 138  La  -86529.00
  80  58 138  Ce  -87574.00
  79  59 138  Pr  -83137.00
  78  60 138  Nd  -82040.00
  77  61 138  Pm  -75040.00
  76  62 138  Sm  -71220.00
  75  63 138  Eu  -61990.00
  74  64 138  Gd  -55920.00
  73  65 138  Tb  -43900.00
  88  51 139  Sb  -50570.00
  87  52 139  Te  -60800.00
  86  53 139  I   -68840.00
  85  54 139  Xe  -75650.00
  84  55 139  Cs  -80707.00
  83  56 139  Ba  -84919.00
  82  57 139  La  -87236.00
  81  58 139  Ce  -86958.00
  80  59 139  Pr  -84829.00
  79  60 139  Nd  -82040.00
  78  61 139  Pm  -77540.00
  77  62 139  Sm  -72375.00
  76  63 139  Eu  -65360.00
  75  64 139  Gd  -57680.00
  74  65 139  Tb  -48410.00
  88  52 140  Te  -57100.00
  87  53 140  I   -64080.00
  86  54 140  Xe  -73000.00
  85  55 140  Cs  -77056.00
  84  56 140  Ba  -83276.00
  83  57 140  La  -84326.00
  82  58 140  Ce  -88088.00
  81  59 140  Pr  -84700.00
  80  60 140  Nd  -84477.00
  79  61 140  Pm  -78430.00
  78  62 140  Sm  -75459.00
  77  63 140  Eu  -66990.00
  76  64 140  Gd  -61530.00
  75  65 140  Tb  -50730.00
  74  66 140  Dy  -43040.00
  89  52 141  Te  -51800.00
  88  53 141  I   -60710.00
  87  54 141  Xe  -68330.00
  86  55 141  Cs  -74479.00
  85  56 141  Ba  -79730.00
  84  57 141  La  -82943.00
  83  58 141  Ce  -85445.00
  82  59 141  Pr  -86026.00
  81  60 141  Nd  -84203.00
  80  61 141  Pm  -80475.00
  79  62 141  Sm  -75946.00
  78  63 141  Eu  -69968.00
  77  64 141  Gd  -63150.00
  76  65 141  Tb  -54810.00
  75  66 141  Dy  -45470.00
  90  52 142  Te  -47970.00
  89  53 142  I   -55720.00
  88  54 142  Xe  -65480.00
  87  55 142  Cs  -70521.00
  86  56 142  Ba  -77828.00
  85  57 142  La  -80039.00
  84  58 142  Ce  -84543.00
  83  59 142  Pr  -83797.00
  82  60 142  Nd  -85959.00
  81  61 142  Pm  -81090.00
  80  62 142  Sm  -78997.00
  79  63 142  Eu  -71350.00
  78  64 142  Gd  -66850.00
  77  65 142  Tb  -56950.00
  76  66 142  Dy  -50050.00
  75  67 142  Ho  -37390.00
  90  53 143  I   -52100.00
  89  54 143  Xe  -60650.00
  88  55 143  Cs  -67691.00
  87  56 143  Ba  -73945.00
  86  57 143  La  -78191.00
  85  58 143  Ce  -81616.00
  84  59 143  Pr  -83078.00
  83  60 143  Nd  -84011.00
  82  61 143  Pm  -82970.00
  81  62 143  Sm  -79528.00
  80  63 143  Eu  -74253.00
  79  64 143  Gd  -68240.00
  78  65 143  Tb  -60780.00
  77  66 143  Dy  -52320.00
  76  67 143  Ho  -42210.00
  91  53 144  I   -46940.00
  90  54 144  Xe  -57540.00
  89  55 144  Cs  -63316.00
  88  56 144  Ba  -71780.00
  87  57 144  La  -74900.00
  86  58 144  Ce  -80441.00
  85  59 144  Pr  -80760.00
  84  60 144  Nd  -83757.00
  83  61 144  Pm  -81426.00
  82  62 144  Sm  -81976.00
  81  63 144  Eu  -75661.00
  80  64 144  Gd  -71920.00
  79  65 144  Tb  -62850.00
  78  66 144  Dy  -56760.00
  77  67 144  Ho  -45050.00
  76  68 144  Er  -36710.00
  91  54 145  Xe  -52470.00
  90  55 145  Cs  -60190.00
  89  56 145  Ba  -68070.00
  88  57 145  La  -72990.00
  87  58 145  Ce  -77100.00
  86  59 145  Pr  -79636.00
  85  60 145  Nd  -81441.00
  84  61 145  Pm  -81279.00
  83  62 145  Sm  -80662.00
  82  63 145  Eu  -78002.00
  81  64 145  Gd  -72950.00
  80  65 145  Tb  -66250.00
  79  66 145  Dy  -58730.00
  78  67 145  Ho  -49480.00
  77  68 145  Er  -39630.00
  92  54 146  Xe  -49090.00
  91  55 146  Cs  -55740.00
  90  56 146  Ba  -65110.00
  89  57 146  La  -69210.00
  88  58 146  Ce  -75740.00
  87  59 146  Pr  -76770.00
  86  60 146  Nd  -80935.00
  85  61 146  Pm  -79464.00
  84  62 146  Sm  -81006.00
  83  63 146  Eu  -77128.00
  82  64 146  Gd  -76098.00
  81  65 146  Tb  -67830.00
  80  66 146  Dy  -62670.00
  79  67 146  Ho  -52070.00
  78  68 146  Er  -44600.00
  77  69 146  Tm  -31210.00
  93  54 147  Xe  -43770.00
  92  55 147  Cs  -52290.00
  91  56 147  Ba  -61490.00
  90  57 147  La  -67240.00
  89  58 147  Ce  -72180.00
  88  59 147  Pr  -75470.00
  87  60 147  Nd  -78156.00
  86  61 147  Pm  -79052.00
  85  62 147  Sm  -79276.00
  84  63 147  Eu  -77555.00
  83  64 147  Gd  -75368.00
  82  65 147  Tb  -70759.00
  81  66 147  Dy  -64390.00
  80  67 147  Ho  -56040.00
  79  68 147  Er  -47220.00
  78  69 147  Tm  -36250.00
  93  55 148  Cs  -47600.00
  92  56 148  Ba  -58050.00
  91  57 148  La  -63160.00
  90  58 148  Ce  -70430.00
  89  59 148  Pr  -72490.00
  88  60 148  Nd  -77418.00
  87  61 148  Pm  -76878.00
  86  62 148  Sm  -79346.00
  85  63 148  Eu  -76239.00
  84  64 148  Gd  -76280.00
  83  65 148  Tb  -70520.00
  82  66 148  Dy  -67830.00
  81  67 148  Ho  -58430.00
  80  68 148  Er  -51750.00
  79  69 148  Tm  -39540.00
  78  70 148  Yb  -30960.00
  94  55 149  Cs  -44040.00
  93  56 149  Ba  -53600.00
  92  57 149  La  -61130.00
  91  58 149  Ce  -66800.00
  90  59 149  Pr  -70988.00
  89  60 149  Nd  -74385.00
  88  61 149  Pm  -76076.00
  87  62 149  Sm  -77146.00
  86  63 149  Eu  -76451.00
  85  64 149  Gd  -75138.00
  84  65 149  Tb  -71500.00
  83  66 149  Dy  -67688.00
  82  67 149  Ho  -61674.00
  81  68 149  Er  -53860.00
  80  69 149  Tm  -44110.00
  79  70 149  Yb  -34020.00
  95  55 150  Cs  -39150.00
  94  56 150  Ba  -50660.00
  93  57 150  La  -57220.00
  92  58 150  Ce  -64990.00
  91  59 150  Pr  -68000.00
  90  60 150  Nd  -73694.00
  89  61 150  Pm  -73607.00
  88  62 150  Sm  -77061.00
  87  63 150  Eu  -74801.00
  86  64 150  Gd  -75772.00
  85  65 150  Tb  -71116.00
  84  66 150  Dy  -69322.00
  83  67 150  Ho  -62080.00
  82  68 150  Er  -57970.00
  81  69 150  Tm  -46880.00
  80  70 150  Yb  -39130.00
  79  71 150  Lu  -25460.00
  96  55 151  Cs  -35400.00
  95  56 151  Ba  -45920.00
  94  57 151  La  -54440.00
  93  58 151  Ce  -61440.00
  92  59 151  Pr  -66860.00
  91  60 151  Nd  -70957.00
  90  61 151  Pm  -73399.00
  89  62 151  Sm  -74586.00
  88  63 151  Eu  -74662.00
  87  64 151  Gd  -74199.00
  86  65 151  Tb  -71634.00
  85  66 151  Dy  -68763.00
  84  67 151  Ho  -63639.00
  83  68 151  Er  -58260.00
  82  69 151  Tm  -50830.00
  81  70 151  Yb  -41690.00
  80  71 151  Lu  -30600.00
  96  56 152  Ba  -42700.00
  95  57 152  La  -50200.00
  94  58 152  Ce  -59260.00
  93  59 152  Pr  -63710.00
  92  60 152  Nd  -70160.00
  91  61 152  Pm  -71270.00
  90  62 152  Sm  -74772.00
  89  63 152  Eu  -72898.00
  88  64 152  Gd  -74717.00
  87  65 152  Tb  -70730.00
  86  66 152  Dy  -70129.00
  85  67 152  Ho  -63580.00
  84  68 152  Er  -60470.00
  83  69 152  Tm  -51880.00
  82  70 152  Yb  -46420.00
  81  71 152  Lu  -33900.00
  97  56 153  Ba  -37620.00
  96  57 153  La  -47090.00
  95  58 153  Ce  -55350.00
  94  59 153  Pr  -61810.00
  93  60 153  Nd  -67352.00
  92  61 153  Pm  -70688.00
  91  62 153  Sm  -72569.00
  90  63 153  Eu  -73377.00
  89  64 153  Gd  -72892.00
  88  65 153  Tb  -71324.00
  87  66 153  Dy  -69153.00
  86  67 153  Ho  -65023.00
  85  68 153  Er  -60460.00
  84  69 153  Tm  -54001.00
  83  70 153  Yb  -47310.00
  82  71 153  Lu  -38480.00
  97  57 154  La  -42480.00
  96  58 154  Ce  -52800.00
  95  59 154  Pr  -58320.00
  94  60 154  Nd  -65690.00
  93  61 154  Pm  -68420.00
  92  62 154  Sm  -72465.00
  91  63 154  Eu  -71748.00
  90  64 154  Gd  -73716.00
  89  65 154  Tb  -70150.00
  88  66 154  Dy  -70400.00
  87  67 154  Ho  -64649.00
  86  68 154  Er  -62618.00
  85  69 154  Tm  -54560.00
  84  70 154  Yb  -50080.00
  83  71 154  Lu  -39960.00
  82  72 154  Hf  -33300.00
  98  57 155  La  -39000.00
  97  58 155  Ce  -48400.00
  96  59 155  Pr  -55900.00
  95  60 155  Nd  -62760.00
  94  61 155  Pm  -66980.00
  93  62 155  Sm  -70201.00
  92  63 155  Eu  -71828.00
  91  64 155  Gd  -72080.00
  90  65 155  Tb  -71259.00
  89  66 155  Dy  -69164.00
  88  67 155  Ho  -66062.00
  87  68 155  Er  -62220.00
  86  69 155  Tm  -56643.00
  85  70 155  Yb  -50490.00
  84  71 155  Lu  -42630.00
  83  72 155  Hf  -34690.00
  98  58 156  Ce  -45400.00
  97  59 156  Pr  -52050.00
  96  60 156  Nd  -60360.00
  95  61 156  Pm  -64220.00
  94  62 156  Sm  -69372.00
  93  63 156  Eu  -70094.00
  92  64 156  Gd  -72545.00
  91  65 156  Tb  -70101.00
  90  66 156  Dy  -70534.00
  89  67 156  Ho  -65470.00
  88  68 156  Er  -64260.00
  87  69 156  Tm  -56810.00
  86  70 156  Yb  -53240.00
  85  71 156  Lu  -43870.00
  84  72 156  Hf  -37960.00
  83  73 156  Ta  -26370.00
  99  58 157  Ce  -40670.00
  98  59 157  Pr  -49210.00
  97  60 157  Nd  -56570.00
  96  61 157  Pm  -62220.00
  95  62 157  Sm  -66740.00
  94  63 157  Eu  -69471.00
  93  64 157  Gd  -70833.00
  92  65 157  Tb  -70773.00
  91  66 157  Dy  -69432.00
  90  67 157  Ho  -66890.00
  89  68 157  Er  -63390.00
  88  69 157  Tm  -58910.00
  87  70 157  Yb  -53410.00
  86  71 157  Lu  -46480.00
  85  72 157  Hf  -39000.00
  84  73 157  Ta  -29670.00
  99  59 158  Pr  -44920.00
  98  60 158  Nd  -54150.00
  97  61 158  Pm  -58970.00
  96  62 158  Sm  -65220.00
  95  63 158  Eu  -67210.00
  94  64 158  Gd  -70699.00
  93  65 158  Tb  -69479.00
  92  66 158  Dy  -70417.00
  91  67 158  Ho  -66190.00
  90  68 158  Er  -65290.00
  89  69 158  Tm  -58690.00
  88  70 158  Yb  -56022.00
  87  71 158  Lu  -47350.00
  86  72 158  Hf  -42250.00
  85  73 158  Ta  -31330.00
  84  74 158  W   -24280.00
 100  59 159  Pr  -41700.00
  99  60 159  Nd  -49940.00
  98  61 159  Pm  -56700.00
  97  62 159  Sm  -62220.00
  96  63 159  Eu  -66057.00
  95  64 159  Gd  -68571.00
  94  65 159  Tb  -69542.00
  93  66 159  Dy  -69177.00
  92  67 159  Ho  -67339.00
  91  68 159  Er  -64570.00
  90  69 159  Tm  -60730.00
  89  70 159  Yb  -55750.00
  88  71 159  Lu  -49730.00
  87  72 159  Hf  -42850.00
  86  73 159  Ta  -34550.00
  85  74 159  W   -25820.00
 100  60 160  Nd  -47140.00
  99  61 160  Pm  -53100.00
  98  62 160  Sm  -60420.00
  97  63 160  Eu  -63370.00
  96  64 160  Gd  -67951.00
  95  65 160  Tb  -67846.00
  94  66 160  Dy  -69682.00
  93  67 160  Ho  -66392.00
  92  68 160  Er  -66060.00
  91  69 160  Tm  -60460.00
  90  70 160  Yb  -58160.00
  89  71 160  Lu  -50280.00
  88  72 160  Hf  -45910.00
  87  73 160  Ta  -36000.00
  86  74 160  W   -29460.00
  85  75 160  Re  -17250.00
 101  60 161  Nd  -42540.00
 100  61 161  Pm  -50430.00
  99  62 161  Sm  -56980.00
  98  63 161  Eu  -61780.00
  97  64 161  Gd  -65516.00
  96  65 161  Tb  -67472.00
  95  66 161  Dy  -68065.00
  94  67 161  Ho  -67206.00
  93  68 161  Er  -65203.00
  92  69 161  Tm  -62040.00
  91  70 161  Yb  -57890.00
  90  71 161  Lu  -52590.00
  89  72 161  Hf  -46270.00
  88  73 161  Ta  -38780.00
  87  74 161  W   -30660.00
  86  75 161  Re  -20810.00
 101  61 162  Pm  -46310.00
 100  62 162  Sm  -54750.00
  99  63 162  Eu  -58650.00
  98  64 162  Gd  -64291.00
  97  65 162  Tb  -65680.00
  96  66 162  Dy  -68190.00
  95  67 162  Ho  -66050.00
  94  68 162  Er  -66346.00
  93  69 162  Tm  -61510.00
  92  70 162  Yb  -59850.00
  91  71 162  Lu  -52890.00
  90  72 162  Hf  -49180.00
  89  73 162  Ta  -39920.00
  88  74 162  W   -34150.00
  87  75 162  Re  -22630.00
  86  76 162  Os  -15070.00
 102  61 163  Pm  -43300.00
 101  62 163  Sm  -50900.00
 100  63 163  Eu  -56630.00
  99  64 163  Gd  -61490.00
  98  65 163  Tb  -64605.00
  97  66 163  Dy  -66390.00
  96  67 163  Ho  -66387.00
  95  68 163  Er  -65177.00
  94  69 163  Tm  -62738.00
  93  70 163  Yb  -59370.00
  92  71 163  Lu  -54770.00
  91  72 163  Hf  -49320.00
  90  73 163  Ta  -42550.00
  89  74 163  W   -34900.00
  88  75 163  Re  -26110.00
  87  76 163  Os  -16720.00
 102  62 164  Sm  -48180.00
 101  63 164  Eu  -53100.00
 100  64 164  Gd  -59750.00
  99  65 164  Tb  -62090.00
  98  66 164  Dy  -65977.00
  97  67 164  Ho  -64990.00
  96  68 164  Er  -65953.00
  95  69 164  Tm  -61990.00
  94  70 164  Yb  -60990.00
  93  71 164  Lu  -54760.00
  92  72 164  Hf  -51770.00
  91  73 164  Ta  -43250.00
  90  74 164  W   -38210.00
  89  75 164  Re  -27650.00
  88  76 164  Os  -20560.00
 103  62 165  Sm  -43800.00
 102  63 165  Eu  -50560.00
 101  64 165  Gd  -56470.00
 100  65 165  Tb  -60660.00
  99  66 165  Dy  -63621.00
  98  67 165  Ho  -64907.00
  97  68 165  Er  -64531.00
  96  69 165  Tm  -62939.00
  95  70 165  Yb  -60177.00
  94  71 165  Lu  -56260.00
  93  72 165  Hf  -51660.00
  92  73 165  Ta  -45810.00
  91  74 165  W   -38810.00
  90  75 165  Re  -30690.00
  89  76 165  Os  -21910.00
  88  77 165  Ir  -11570.00
 103  63 166  Eu  -46600.00
 102  64 166  Gd  -54400.00
 101  65 166  Tb  -57710.00
 100  66 166  Dy  -62593.00
  99  67 166  Ho  -63079.00
  98  68 166  Er  -64934.00
  97  69 166  Tm  -61895.00
  96  70 166  Yb  -61591.00
  95  71 166  Lu  -56110.00
  94  72 166  Hf  -53790.00
  93  73 166  Ta  -46140.00
  92  74 166  W   -41899.00
  91  75 166  Re  -31860.00
  90  76 166  Os  -25590.00
  89  77 166  Ir  -13500.00
 104  63 167  Eu  -43730.00
 103  64 167  Gd  -50700.00
 102  65 167  Tb  -55840.00
 101  66 167  Dy  -59940.00
 100  67 167  Ho  -62293.00
  99  68 167  Er  -63299.00
  98  69 167  Tm  -62551.00
  97  70 167  Yb  -60597.00
  96  71 167  Lu  -57470.00
  95  72 167  Hf  -53470.00
  94  73 167  Ta  -48460.00
  93  74 167  W   -42220.00
  92  75 167  Re  -34870.00
  91  76 167  Os  -26500.00
  90  77 167  Ir  -17190.00
 104  64 168  Gd  -48100.00
 103  65 168  Tb  -52500.00
 102  66 168  Dy  -58470.00
 101  67 168  Ho  -60085.00
 100  68 168  Er  -62999.00
  99  69 168  Tm  -61320.00
  98  70 168  Yb  -61577.00
  97  71 168  Lu  -57100.00
  96  72 168  Hf  -55300.00
  95  73 168  Ta  -48640.00
  94  74 168  W   -44840.00
  93  75 168  Re  -35760.00
  92  76 168  Os  -29960.00
  91  77 168  Ir  -18660.00
  90  78 168  Pt  -11150.00
 105  64 169  Gd  -43900.00
 104  65 169  Tb  -50100.00
 103  66 169  Dy  -55610.00
 102  67 169  Ho  -58807.00
 101  68 169  Er  -60930.00
 100  69 169  Tm  -61281.00
  99  70 169  Yb  -60373.00
  98  71 169  Lu  -58080.00
  97  72 169  Hf  -54810.00
  96  73 169  Ta  -50380.00
  95  74 169  W   -44940.00
  94  75 169  Re  -38350.00
  93  76 169  Os  -30670.00
  92  77 169  Ir  -21990.00
  91  78 169  Pt  -12650.00
 105  65 170  Tb  -46340.00
 104  66 170  Dy  -53400.00
 103  67 170  Ho  -56250.00
 102  68 170  Er  -60118.00
 101  69 170  Tm  -59803.00
 100  70 170  Yb  -60771.00
  99  71 170  Lu  -57313.00
  98  72 170  Hf  -56220.00
  97  73 170  Ta  -50220.00
  96  74 170  W   -47240.00
  95  75 170  Re  -38970.00
  94  76 170  Os  -33935.00
  93  77 170  Ir  -23260.00
  92  78 170  Pt  -16460.00
 106  65 171  Tb  -43500.00
 105  66 171  Dy  -49850.00
 104  67 171  Ho  -54530.00
 103  68 171  Er  -57729.00
 102  69 171  Tm  -59219.00
 101  70 171  Yb  -59315.00
 100  71 171  Lu  -57837.00
  99  72 171  Hf  -55430.00
  98  73 171  Ta  -51740.00
  97  74 171  W   -47080.00
  96  75 171  Re  -41410.00
  95  76 171  Os  -34430.00
  94  77 171  Ir  -26290.00
  93  78 171  Pt  -17470.00
  92  79 171  Au   -7660.00
 106  66 172  Dy  -47400.00
 105  67 172  Ho  -51400.00
 104  68 172  Er  -56493.00
 103  69 172  Tm  -57384.00
 102  70 172  Yb  -59263.00
 101  71 172  Lu  -56745.00
 100  72 172  Hf  -56390.00
  99  73 172  Ta  -51470.00
  98  74 172  W   -48980.00
  97  75 172  Re  -41650.00
  96  76 172  Os  -37190.00
  95  77 172  Ir  -27350.00
  94  78 172  Pt  -21070.00
  93  79 172  Au   -9210.00
 107  66 173  Dy  -43370.00
 106  67 173  Ho  -49100.00
 105  68 173  Er  -53650.00
 104  69 173  Tm  -56262.00
 103  70 173  Yb  -57560.00
 102  71 173  Lu  -56889.00
 101  72 173  Hf  -55280.00
 100  73 173  Ta  -52590.00
  99  74 173  W   -48590.00
  98  75 173  Re  -43720.00
  97  76 173  Os  -37450.00
  96  77 173  Ir  -30080.00
  95  78 173  Pt  -21890.00
  94  79 173  Au  -12670.00
 107  67 174  Ho  -45500.00
 106  68 174  Er  -51850.00
 105  69 174  Tm  -53870.00
 104  70 174  Yb  -56953.00
 103  71 174  Lu  -55579.00
 102  72 174  Hf  -55852.00
 101  73 174  Ta  -52010.00
 100  74 174  W   -50150.00
  99  75 174  Re  -43680.00
  98  76 174  Os  -39940.00
  97  77 174  Ir  -30920.00
  96  78 174  Pt  -25326.00
  95  79 174  Au  -14050.00
 108  67 175  Ho  -42800.00
 107  68 175  Er  -48500.00
 106  69 175  Tm  -52320.00
 105  70 175  Yb  -54704.00
 104  71 175  Lu  -55174.00
 103  72 175  Hf  -54490.00
 102  73 175  Ta  -52490.00
 101  74 175  W   -49580.00
 100  75 175  Re  -45280.00
  99  76 175  Os  -39980.00
  98  77 175  Ir  -33270.00
  97  78 175  Pt  -25830.00
  96  79 175  Au  -17190.00
  95  80 175  Hg   -8000.00
 108  68 176  Er  -46310.00
 107  69 176  Tm  -49380.00
 106  70 176  Yb  -53497.00
 105  71 176  Lu  -53391.00
 104  72 176  Hf  -54583.00
 103  73 176  Ta  -51470.00
 102  74 176  W   -50680.00
 101  75 176  Re  -45110.00
 100  76 176  Os  -41960.00
  99  77 176  Ir  -33990.00
  98  78 176  Pt  -28880.00
  97  79 176  Au  -18380.00
  96  80 176  Hg  -11720.00
 109  68 177  Er  -42500.00
 108  69 177  Tm  -47470.00
 107  70 177  Yb  -50993.00
 106  71 177  Lu  -52391.00
 105  72 177  Hf  -52890.00
 104  73 177  Ta  -51724.00
 103  74 177  W   -49720.00
 102  75 177  Re  -46320.00
 101  76 177  Os  -41880.00
 100  77 177  Ir  -36170.00
  99  78 177  Pt  -29390.00
  98  79 177  Au  -21220.00
  97  80 177  Hg  -12730.00
  96  81 177  Tl   -2910.00
 109  69 178  Tm  -44120.00
 108  70 178  Yb  -49701.00
 107  71 178  Lu  -50346.00
 106  72 178  Hf  -52445.00
 105  73 178  Ta  -50530.00
 104  74 178  W   -50440.00
 103  75 178  Re  -45780.00
 102  76 178  Os  -43460.00
 101  77 178  Ir  -36250.00
 100  78 178  Pt  -31940.00
  99  79 178  Au  -22380.00
  98  80 178  Hg  -16323.00
  97  81 178  Tl   -4450.00
 110  69 179  Tm  -41600.00
 109  70 179  Yb  -46420.00
 108  71 179  Lu  -49067.00
 107  72 179  Hf  -50472.00
 106  73 179  Ta  -50362.00
 105  74 179  W   -49302.00
 104  75 179  Re  -46590.00
 103  76 179  Os  -42890.00
 102  77 179  Ir  -38050.00
 101  78 179  Pt  -32160.00
 100  79 179  Au  -24770.00
  99  80 179  Hg  -16970.00
  98  81 179  Tl   -7950.00
 110  70 180  Yb  -44400.00
 109  71 180  Lu  -46690.00
 108  72 180  Hf  -49789.00
 107  73 180  Ta  -48935.00
 106  74 180  W   -49643.00
 105  75 180  Re  -45840.00
 104  76 180  Os  -44390.00
 103  77 180  Ir  -37960.00
 102  78 180  Pt  -34270.00
 101  79 180  Au  -25710.00
 100  80 180  Hg  -20190.00
  99  81 180  Tl   -9140.00
 111  70 181  Yb  -40850.00
 110  71 181  Lu  -44740.00
 109  72 181  Hf  -47413.00
 108  73 181  Ta  -48441.00
 107  74 181  W   -48253.00
 106  75 181  Re  -46515.00
 105  76 181  Os  -43520.00
 104  77 181  Ir  -39460.00
 103  78 181  Pt  -34300.00
 102  79 181  Au  -27990.00
 101  80 181  Hg  -20670.00
 100  81 181  Tl  -12200.00
  99  82 181  Pb   -3060.00
 111  71 182  Lu  -41720.00
 110  72 182  Hf  -46060.00
 109  73 182  Ta  -46432.00
 108  74 182  W   -48246.00
 107  75 182  Re  -45450.00
 106  76 182  Os  -44538.00
 105  77 182  Ir  -39000.00
 104  78 182  Pt  -36080.00
 103  79 182  Au  -28300.00
 102  80 182  Hg  -23520.00
 101  81 182  Tl  -13400.00
 100  82 182  Pb   -6822.00
 112  71 183  Lu  -39520.00
 111  72 183  Hf  -43290.00
 110  73 183  Ta  -45295.00
 109  74 183  W   -46365.00
 108  75 183  Re  -45810.00
 107  76 183  Os  -43680.00
 106  77 183  Ir  -40230.00
 105  78 183  Pt  -35650.00
 104  79 183  Au  -30160.00
 103  80 183  Hg  -23700.00
 102  81 183  Tl  -16120.00
 101  82 183  Pb   -7520.00
 113  71 184  Lu  -36170.00
 112  72 184  Hf  -41500.00
 111  73 184  Ta  -42840.00
 110  74 184  W   -45706.00
 109  75 184  Re  -44223.00
 108  76 184  Os  -44254.00
 107  77 184  Ir  -39690.00
 106  78 184  Pt  -37360.00
 105  79 184  Au  -30300.00
 104  80 184  Hg  -26180.00
 103  81 184  Tl  -16990.00
 102  82 184  Pb  -10990.00
 113  72 185  Hf  -38400.00
 112  73 185  Ta  -41396.00
 111  74 185  W   -43388.00
 110  75 185  Re  -43821.00
 109  76 185  Os  -42808.00
 108  77 185  Ir  -40440.00
 107  78 185  Pt  -36560.00
 106  79 185  Au  -31850.00
 105  80 185  Hg  -26100.00
 104  81 185  Tl  -19470.00
 103  82 185  Pb  -11570.00
 102  83 185  Bi   -2140.00
 114  72 186  Hf  -36400.00
 113  73 186  Ta  -38610.00
 112  74 186  W   -42511.00
 111  75 186  Re  -41929.00
 110  76 186  Os  -42999.00
 109  77 186  Ir  -39168.00
 108  78 186  Pt  -37790.00
 107  79 186  Au  -31670.00
 106  80 186  Hg  -28450.00
 105  81 186  Tl  -19980.00
 104  82 186  Pb  -14620.00
 103  83 186  Bi   -3280.00
 114  73 187  Ta  -36880.00
 113  74 187  W   -39906.00
 112  75 187  Re  -41217.00
 111  76 187  Os  -41220.00
 110  77 187  Ir  -39718.00
 109  78 187  Pt  -36740.00
 108  79 187  Au  -33010.00
 107  80 187  Hg  -28150.00
 106  81 187  Tl  -22200.00
 105  82 187  Pb  -14880.00
 104  83 187  Bi   -6090.00
 115  73 188  Ta  -33800.00
 114  74 188  W   -38669.00
 113  75 188  Re  -39018.00
 112  76 188  Os  -41138.00
 111  77 188  Ir  -38329.00
 110  78 188  Pt  -37823.00
 109  79 188  Au  -32520.00
 108  80 188  Hg  -30220.00
 107  81 188  Tl  -22430.00
 106  82 188  Pb  -17640.00
 105  83 188  Bi   -7290.00
 115  74 189  W   -35480.00
 114  75 189  Re  -37979.00
 113  76 189  Os  -38987.00
 112  77 189  Ir  -38455.00
 111  78 189  Pt  -36485.00
 110  79 189  Au  -33640.00
 109  80 189  Hg  -29690.00
 108  81 189  Tl  -24510.00
 107  82 189  Pb  -17810.00
 106  83 189  Bi   -9780.00
 116  74 190  W   -34300.00
 115  75 190  Re  -35570.00
 114  76 190  Os  -38708.00
 113  77 190  Ir  -36710.00
 112  78 190  Pt  -37325.00
 111  79 190  Au  -32883.00
 110  80 190  Hg  -31410.00
 109  81 190  Tl  -24410.00
 108  82 190  Pb  -20330.00
 107  83 190  Bi  -10700.00
 106  84 190  Po   -4560.00
 116  75 191  Re  -34350.00
 115  76 191  Os  -36395.00
 114  77 191  Ir  -36709.00
 113  78 191  Pt  -35691.00
 112  79 191  Au  -33860.00
 111  80 191  Hg  -30680.00
 110  81 191  Tl  -26190.00
 109  82 191  Pb  -20310.00
 108  83 191  Bi  -12990.00
 107  84 191  Po   -4980.00
 117  75 192  Re  -31710.00
 116  76 192  Os  -35882.00
 115  77 192  Ir  -34835.00
 114  78 192  Pt  -36296.00
 113  79 192  Au  -32779.00
 112  80 192  Hg  -32070.00
 111  81 192  Tl  -25950.00
 110  82 192  Pb  -22580.00
 109  83 192  Bi  -13630.00
 108  84 192  Po   -7900.00
 117  76 193  Os  -33396.00
 116  77 193  Ir  -34536.00
 115  78 193  Pt  -34479.00
 114  79 193  Au  -33411.00
 113  80 193  Hg  -31071.00
 112  81 193  Tl  -27430.00
 111  82 193  Pb  -22280.00
 110  83 193  Bi  -15780.00
 109  84 193  Po   -8290.00
 108  85 193  At     180.00
 118  76 194  Os  -32435.00
 117  77 194  Ir  -32531.00
 116  78 194  Pt  -34778.00
 115  79 194  Au  -32287.00
 114  80 194  Hg  -32247.00
 113  81 194  Tl  -26960.00
 112  82 194  Pb  -24250.00
 111  83 194  Bi  -16070.00
 110  84 194  Po  -10910.00
 109  85 194  At    -960.00
 119  76 195  Os  -29690.00
 118  77 195  Ir  -31692.00
 117  78 195  Pt  -32812.00
 116  79 195  Au  -32586.00
 115  80 195  Hg  -31080.00
 114  81 195  Tl  -28270.00
 113  82 195  Pb  -23780.00
 112  83 195  Bi  -17930.00
 111  84 195  Po  -11140.00
 110  85 195  At   -3210.00
 120  76 196  Os  -28300.00
 119  77 196  Ir  -29450.00
 118  78 196  Pt  -32662.00
 117  79 196  Au  -31157.00
 116  80 196  Hg  -31843.00
 115  81 196  Tl  -27470.00
 114  82 196  Pb  -25420.00
 113  83 196  Bi  -18060.00
 112  84 196  Po  -13500.00
 111  85 196  At   -4000.00
 110  86 196  Rn    2150.00
 120  77 197  Ir  -28283.00
 119  78 197  Pt  -30438.00
 118  79 197  Au  -31157.00
 117  80 197  Hg  -30557.00
 116  81 197  Tl  -28380.00
 115  82 197  Pb  -24800.00
 114  83 197  Bi  -19620.00
 113  84 197  Po  -13450.00
 112  85 197  At   -6250.00
 111  86 197  Rn    1550.00
 121  77 198  Ir  -25820.00
 120  78 198  Pt  -29923.00
 119  79 198  Au  -29598.00
 118  80 198  Hg  -30970.00
 117  81 198  Tl  -27510.00
 116  82 198  Pb  -26100.00
 115  83 198  Bi  -19540.00
 114  84 198  Po  -15520.00
 113  85 198  At   -6750.00
 112  86 198  Rn   -1140.00
 122  77 199  Ir  -24420.00
 121  78 199  Pt  -27408.00
 120  79 199  Au  -29111.00
 119  80 199  Hg  -29563.00
 118  81 199  Tl  -28120.00
 117  82 199  Pb  -25230.00
 116  83 199  Bi  -20890.00
 115  84 199  Po  -15280.00
 114  85 199  At   -8730.00
 113  86 199  Rn   -1580.00
 122  78 200  Pt  -26618.00
 121  79 200  Au  -27280.00
 120  80 200  Hg  -29520.00
 119  81 200  Tl  -27064.00
 118  82 200  Pb  -26254.00
 117  83 200  Bi  -20360.00
 116  84 200  Po  -17010.00
 115  85 200  At   -9040.00
 114  86 200  Rn   -4030.00
 113  87 200  Fr    6050.00
 123  78 201  Pt  -23760.00
 122  79 201  Au  -26416.00
 121  80 201  Hg  -27679.00
 120  81 201  Tl  -27196.00
 119  82 201  Pb  -25290.00
 118  83 201  Bi  -21450.00
 117  84 201  Po  -16570.00
 116  85 201  At  -10720.00
 115  86 201  Rn   -4160.00
 114  87 201  Fr    3710.00
 124  78 202  Pt  -22600.00
 123  79 202  Au  -24420.00
 122  80 202  Hg  -27362.00
 121  81 202  Tl  -25997.00
 120  82 202  Pb  -25948.00
 119  83 202  Bi  -20800.00
 118  84 202  Po  -17980.00
 117  85 202  At  -10760.00
 116  86 202  Rn   -6320.00
 115  87 202  Fr    3060.00
 124  79 203  Au  -23159.00
 123  80 203  Hg  -25283.00
 122  81 203  Tl  -25775.00
 121  82 203  Pb  -24801.00
 120  83 203  Bi  -21547.00
 119  84 203  Po  -17310.00
 118  85 203  At  -12250.00
 117  86 203  Rn   -6230.00
 116  87 203  Fr     980.00
 115  88 203  Ra    8580.00
 125  79 204  Au  -20770.00
 124  80 204  Hg  -24707.00
 123  81 204  Tl  -24359.00
 122  82 204  Pb  -25123.00
 121  83 204  Bi  -20674.00
 120  84 204  Po  -18344.00
 119  85 204  At  -11870.00
 118  86 204  Rn   -8040.00
 117  87 204  Fr     550.00
 116  88 204  Ra    6030.00
 126  79 205  Au  -18990.00
 125  80 205  Hg  -22304.00
 124  81 205  Tl  -23834.00
 123  82 205  Pb  -23783.00
 122  83 205  Bi  -21075.00
 121  84 205  Po  -17544.00
 120  85 205  At  -13010.00
 119  86 205  Rn   -7760.00
 118  87 205  Fr   -1240.00
 117  88 205  Ra    5760.00
 126  80 206  Hg  -20960.00
 125  81 206  Tl  -22267.00
 124  82 206  Pb  -23800.00
 123  83 206  Bi  -20043.00
 122  84 206  Po  -18197.00
 121  85 206  At  -12480.00
 120  86 206  Rn   -9170.00
 119  87 206  Fr   -1410.00
 118  88 206  Ra    3520.00
 127  80 207  Hg  -16230.00
 126  81 207  Tl  -21044.00
 125  82 207  Pb  -22467.00
 124  83 207  Bi  -20069.00
 123  84 207  Po  -17160.00
 122  85 207  At  -13250.00
 121  86 207  Rn   -8640.00
 120  87 207  Fr   -2930.00
 119  88 207  Ra    3470.00
 118  89 207  Ac   11270.00
 128  80 208  Hg  -13100.00
 127  81 208  Tl  -16762.00
 126  82 208  Pb  -21763.00
 125  83 208  Bi  -18884.00
 124  84 208  Po  -17483.00
 123  85 208  At  -12498.00
 122  86 208  Rn   -9658.00
 121  87 208  Fr   -2670.00
 120  88 208  Ra    1650.00
 119  89 208  Ac   10700.00
 128  81 209  Tl  -13647.00
 127  82 209  Pb  -17629.00
 126  83 209  Bi  -18272.00
 125  84 209  Po  -16380.00
 124  85 209  At  -12893.00
 123  86 209  Rn   -8964.00
 122  87 209  Fr   -3800.00
 121  88 209  Ra    1810.00
 120  89 209  Ac    8910.00
 129  81 210  Tl   -9254.00
 128  82 210  Pb  -14743.00
 127  83 210  Bi  -14806.00
 126  84 210  Po  -15968.00
 125  85 210  At  -11987.00
 124  86 210  Rn   -9613.00
 123  87 210  Fr   -3355.00
 122  88 210  Ra     420.00
 121  89 210  Ac    8620.00
 120  90 210  Th   14000.00
 129  82 211  Pb  -10496.00
 128  83 211  Bi  -11869.00
 127  84 211  Po  -12447.00
 126  85 211  At  -11662.00
 125  86 211  Rn   -8770.00
 124  87 211  Fr   -4164.00
 123  88 211  Ra     830.00
 122  89 211  Ac    7120.00
 121  90 211  Th   13840.00
 130  82 212  Pb   -7556.00
 129  83 212  Bi   -8130.00
 128  84 212  Po  -10384.00
 127  85 212  At   -8631.00
 126  86 212  Rn   -8673.00
 125  87 212  Fr   -3544.00
 124  88 212  Ra    -202.00
 123  89 212  Ac    7280.00
 122  90 212  Th   12030.00
 131  82 213  Pb   -3260.00
 130  83 213  Bi   -5240.00
 129  84 213  Po   -6667.00
 128  85 213  At   -6594.00
 127  86 213  Rn   -5712.00
 126  87 213  Fr   -3563.00
 125  88 213  Ra     322.00
 124  89 213  Ac    6120.00
 123  90 213  Th   12070.00
 122  91 213  Pa   19730.00
 132  82 214  Pb    -188.00
 131  83 214  Bi   -1212.00
 130  84 214  Po   -4484.00
 129  85 214  At   -3394.00
 128  86 214  Rn   -4335.00
 127  87 214  Fr    -974.00
 126  88 214  Ra      85.00
 125  89 214  Ac    6420.00
 124  90 214  Th   10670.00
 123  91 214  Pa   19320.00
 132  83 215  Bi    1710.00
 131  84 215  Po    -545.00
 130  85 215  At   -1266.00
 129  86 215  Rn   -1184.00
 128  87 215  Fr     304.00
 127  88 215  Ra    2519.00
 126  89 215  Ac    6010.00
 125  90 215  Th   10920.00
 124  91 215  Pa   17790.00
 133  83 216  Bi    5780.00
 132  84 216  Po    1774.00
 131  85 216  At    2244.00
 130  86 216  Rn     240.00
 129  87 216  Fr    2969.00
 128  88 216  Ra    3277.00
 127  89 216  Ac    8124.00
 126  90 216  Th   10294.00
 125  91 216  Pa   17800.00
 133  84 217  Po    5830.00
 132  85 217  At    4387.00
 131  86 217  Rn    3646.00
 130  87 217  Fr    4300.00
 129  88 217  Ra    5874.00
 128  89 217  Ac    8693.00
 127  90 217  Th   12170.00
 126  91 217  Pa   17040.00
 134  84 218  Po    8351.00
 133  85 218  At    8087.00
 132  86 218  Rn    5204.00
 131  87 218  Fr    7045.00
 130  88 218  Ra    6636.00
 129  89 218  Ac   10830.00
 128  90 218  Th   12359.00
 127  91 218  Pa   18640.00
 126  92 218  U    21880.00
 134  85 219  At   10520.00
 133  86 219  Rn    8825.00
 132  87 219  Fr    8608.00
 131  88 219  Ra    9379.00
 130  89 219  Ac   11560.00
 129  90 219  Th   14460.00
 128  91 219  Pa   18520.00
 127  92 219  U    23210.00
 135  85 220  At   14250.00
 134  86 220  Rn   10604.00
 133  87 220  Fr   11469.00
 132  88 220  Ra   10260.00
 131  89 220  Ac   13740.00
 130  90 220  Th   14655.00
 129  91 220  Pa   20380.00
 128  92 220  U    23020.00
 136  85 221  At   16900.00
 135  86 221  Rn   14400.00
 134  87 221  Fr   13270.00
 133  88 221  Ra   12955.00
 132  89 221  Ac   14510.00
 131  90 221  Th   16927.00
 130  91 221  Pa   20370.00
 129  92 221  U    24550.00
 137  85 222  At   20800.00
 136  86 222  Rn   16366.00
 135  87 222  Fr   16342.00
 134  88 222  Ra   14309.00
 133  89 222  Ac   16607.00
 132  90 222  Th   17190.00
 131  91 222  Pa   22100.00
 130  92 222  U    24280.00
 138  85 223  At   23600.00
 137  86 223  Rn   20300.00
 136  87 223  Fr   18379.00
 135  88 223  Ra   17230.00
 134  89 223  Ac   17816.00
 133  90 223  Th   19371.00
 132  91 223  Pa   22320.00
 131  92 223  U    25820.00
 138  86 224  Rn   22440.00
 137  87 224  Fr   21640.00
 136  88 224  Ra   18818.00
 135  89 224  Ac   20221.00
 134  90 224  Th   19989.00
 133  91 224  Pa   23860.00
 132  92 224  U    25700.00
 139  86 225  Rn   26490.00
 138  87 225  Fr   23853.00
 137  88 225  Ra   21987.00
 136  89 225  Ac   21630.00
 135  90 225  Th   22301.00
 134  91 225  Pa   24330.00
 133  92 225  U    27370.00
 132  93 225  Np   31580.00
 140  86 226  Rn   28770.00
 139  87 226  Fr   27330.00
 138  88 226  Ra   23662.00
 137  89 226  Ac   24303.00
 136  90 226  Th   23186.00
 135  91 226  Pa   26019.00
 134  92 226  U    27330.00
 133  93 226  Np   32720.00
 141  86 227  Rn   32980.00
 140  87 227  Fr   29650.00
 139  88 227  Ra   27172.00
 138  89 227  Ac   25846.00
 137  90 227  Th   25801.00
 136  91 227  Pa   26821.00
 135  92 227  U    29007.00
 134  93 227  Np   32560.00
 142  86 228  Rn   35480.00
 141  87 228  Fr   33280.00
 140  88 228  Ra   28936.00
 139  89 228  Ac   28890.00
 138  90 228  Th   26763.00
 137  91 228  Pa   28911.00
 136  92 228  U    29218.00
 135  93 228  Np   33700.00
 134  94 228  Pu   36070.00
 142  87 229  Fr   35790.00
 141  88 229  Ra   32430.00
 140  89 229  Ac   30670.00
 139  90 229  Th   29579.00
 138  91 229  Pa   29890.00
 137  92 229  U    31201.00
 136  93 229  Np   33760.00
 135  94 229  Pu   37390.00
 143  87 230  Fr   39600.00
 142  88 230  Ra   34540.00
 141  89 230  Ac   33560.00
 140  90 230  Th   30857.00
 139  91 230  Pa   32167.00
 138  92 230  U    31603.00
 137  93 230  Np   35220.00
 136  94 230  Pu   36930.00
 144  87 231  Fr   42300.00
 143  88 231  Ra   38400.00
 142  89 231  Ac   35910.00
 141  90 231  Th   33810.00
 140  91 231  Pa   33421.00
 139  92 231  U    33803.00
 138  93 231  Np   35610.00
 137  94 231  Pu   38430.00
 136  95 231  Am   42440.00
 145  87 232  Fr   46250.00
 144  88 232  Ra   40700.00
 143  89 232  Ac   39140.00
 142  90 232  Th   35443.00
 141  91 232  Pa   35939.00
 140  92 232  U    34601.00
 139  93 232  Np   37350.00
 138  94 232  Pu   38358.00
 137  95 232  Am   43400.00
 145  88 233  Ra   44710.00
 144  89 233  Ac   41500.00
 143  90 233  Th   38728.00
 142  91 233  Pa   37483.00
 141  92 233  U    36913.00
 140  93 233  Np   37940.00
 139  94 233  Pu   40040.00
 138  95 233  Am   43290.00
 137  96 233  Cm   47320.00
 146  88 234  Ra   47090.00
 145  89 234  Ac   45100.00
 144  90 234  Th   40609.00
 143  91 234  Pa   40336.00
 142  92 234  U    38140.00
 141  93 234  Np   39950.00
 140  94 234  Pu   40338.00
 139  95 234  Am   44520.00
 138  96 234  Cm   46800.00
 146  89 235  Ac   47600.00
 145  90 235  Th   44250.00
 144  91 235  Pa   42320.00
 143  92 235  U    40914.00
 142  93 235  Np   41037.00
 141  94 235  Pu   42179.00
 140  95 235  Am   44740.00
 139  96 235  Cm   48060.00
 138  97 235  Bk   52700.00
 147  89 236  Ac   51400.00
 146  90 236  Th   46310.00
 145  91 236  Pa   45340.00
 144  92 236  U    42440.00
 143  93 236  Np   43370.00
 142  94 236  Pu   42893.00
 141  95 236  Am   46170.00
 140  96 236  Cm   47880.00
 139  97 236  Bk   53400.00
 147  90 237  Th   50200.00
 146  91 237  Pa   47640.00
 145  92 237  U    45386.00
 144  93 237  Np   44867.00
 143  94 237  Pu   45087.00
 142  95 237  Am   46550.00
 141  96 237  Cm   49270.00
 140  97 237  Bk   53210.00
 139  98 237  Cf   57820.00
 148  90 238  Th   52390.00
 147  91 238  Pa   50760.00
 146  92 238  U    47303.00
 145  93 238  Np   47450.00
 144  94 238  Pu   46158.00
 143  95 238  Am   48420.00
 142  96 238  Cm   49380.00
 141  97 238  Bk   54270.00
 140  98 238  Cf   57200.00
 148  91 239  Pa   53220.00
 147  92 239  U    50568.00
 146  93 239  Np   49305.00
 145  94 239  Pu   48583.00
 144  95 239  Am   49386.00
 143  96 239  Cm   51190.00
 142  97 239  Bk   54360.00
 141  98 239  Cf   58290.00
 149  91 240  Pa   56800.00
 148  92 240  U    52709.00
 147  93 240  Np   52321.00
 146  94 240  Pu   50121.00
 145  95 240  Am   51500.00
 144  96 240  Cm   51715.00
 143  97 240  Bk   55660.00
 142  98 240  Cf   58030.00
 141  99 240  Es   64200.00
 149  92 241  U    56200.00
 148  93 241  Np   54260.00
 147  94 241  Pu   52951.00
 146  95 241  Am   52930.00
 145  96 241  Cm   53697.00
 144  97 241  Bk   56100.00
 143  98 241  Cf   59350.00
 142  99 241  Es   63960.00
 150  92 242  U    58610.00
 149  93 242  Np   57410.00
 148  94 242  Pu   54713.00
 147  95 242  Am   55464.00
 146  96 242  Cm   54799.00
 145  97 242  Bk   57800.00
 144  98 242  Cf   59330.00
 143  99 242  Es   64920.00
 142 100 242  Fm   68400.00
 150  93 243  Np   59870.00
 149  94 243  Pu   57750.00
 148  95 243  Am   57168.00
 147  96 243  Cm   57177.00
 146  97 243  Bk   58686.00
 145  98 243  Cf   60940.00
 144  99 243  Es   64860.00
 143 100 243  Fm   69410.00
 151  93 244  Np   63200.00
 150  94 244  Pu   59800.00
 149  95 244  Am   59875.00
 148  96 244  Cm   58447.00
 147  97 244  Bk   60703.00
 146  98 244  Cf   61470.00
 145  99 244  Es   66110.00
 144 100 244  Fm   69000.00
 151  94 245  Pu   63098.00
 150  95 245  Am   61893.00
 149  96 245  Cm   60999.00
 148  97 245  Bk   61809.00
 147  98 245  Cf   63380.00
 146  99 245  Es   66430.00
 145 100 245  Fm   70210.00
 144 101 245  Md   75470.00
 152  94 246  Pu   65389.00
 151  95 246  Am   64989.00
 150  96 246  Cm   62612.00
 149  97 246  Bk   63960.00
 148  98 246  Cf   64085.00
 147  99 246  Es   67970.00
 146 100 246  Fm   70120.00
 145 101 246  Md   76320.00
 153  94 247  Pu   69000.00
 152  95 247  Am   67150.00
 151  96 247  Cm   65528.00
 150  97 247  Bk   65483.00
 149  98 247  Cf   66129.00
 148  99 247  Es   68600.00
 147 100 247  Fm   71560.00
 146 101 247  Md   76200.00
 153  95 248  Am   70560.00
 152  96 248  Cm   67386.00
 151  97 248  Bk   68070.00
 150  98 248  Cf   67233.00
 149  99 248  Es   70290.00
 148 100 248  Fm   71897.00
 147 101 248  Md   77230.00
 154  95 249  Am   73100.00
 153  96 249  Cm   70744.00
 152  97 249  Bk   69843.00
 151  98 249  Cf   69719.00
 150  99 249  Es   71170.00
 149 100 249  Fm   73610.00
 148 101 249  Md   77320.00
 147 102 249  No   81810.00
 154  96 250  Cm   72983.00
 153  97 250  Bk   72946.00
 152  98 250  Cf   71166.00
 151  99 250  Es   73270.00
 150 100 250  Fm   74068.00
 149 101 250  Md   78700.00
 148 102 250  No   81500.00
 155  96 251  Cm   76641.00
 154  97 251  Bk   75221.00
 153  98 251  Cf   74128.00
 152  99 251  Es   74504.00
 151 100 251  Fm   75979.00
 150 101 251  Md   79100.00
 149 102 251  No   82870.00
 148 103 251  Lr   87900.00
 156  96 252  Cm   79060.00
 155  97 252  Bk   78530.00
 154  98 252  Cf   76028.00
 153  99 252  Es   77290.00
 152 100 252  Fm   76811.00
 151 101 252  Md   80700.00
 150 102 252  No   82871.00
 149 103 252  Lr   88800.00
 156  97 253  Bk   80930.00
 155  98 253  Cf   79295.00
 154  99 253  Es   79007.00
 153 100 253  Fm   79341.00
 152 101 253  Md   81300.00
 151 102 253  No   84440.00
 150 103 253  Lr   88730.00
 149 104 253  Db   93780.00
 157  97 254  Bk   84390.00
 156  98 254  Cf   81335.00
 155  99 254  Es   81986.00
 154 100 254  Fm   80898.00
 153 101 254  Md   83580.00
 152 102 254  No   84718.00
 151 103 254  Lr   89970.00
 150 104 254  Db   93300.00
 157  98 255  Cf   84800.00
 156  99 255  Es   84083.00
 155 100 255  Fm   83793.00
 154 101 255  Md   84836.00
 153 102 255  No   86845.00
 152 103 255  Lr   90140.00
 151 104 255  Db   94540.00
 150 105 255  Jl  100040.00
 158  98 256  Cf   87040.00
 157  99 256  Es   87180.00
 156 100 256  Fm   85480.00
 155 101 256  Md   87610.00
 154 102 256  No   87817.00
 153 103 256  Lr   92000.00
 152 104 256  Db   94248.00
 151 105 256  Jl  100700.00
 158  99 257  Es   89400.00
 157 100 257  Fm   88584.00
 156 101 257  Md   88990.00
 155 102 257  No   90220.00
 154 103 257  Lr   92780.00
 153 104 257  Db   96010.00
 152 105 257  Jl  100470.00
 158 100 258  Fm   90420.00
 157 101 258  Md   91683.00
 156 102 258  No   91470.00
 155 103 258  Lr   94900.00
 154 104 258  Db   96470.00
 153 105 258  Jl  101940.00
 152 106 258  Rf  105400.00
 159 100 259  Fm   93700.00
 158 101 259  Md   93620.00
 157 102 259  No   94100.00
 156 103 259  Lr   95940.00
 155 104 259  Db   98390.00
 154 105 259  Jl  102210.00
 153 106 259  Rf  106800.00
 159 101 260  Md   96550.00
 158 102 260  No   95610.00
 157 103 260  Lr   98340.00
 156 104 260  Db   99140.00
 155 105 260  Jl  103790.00
 154 106 260  Rf  106600.00
 153 107 260  Bh  113460.00
 159 102 261  No   98500.00
 158 103 261  Lr   99620.00
 157 104 261  Db  101300.00
 156 105 261  Jl  104430.00
 155 106 261  Rf  108240.00
 154 107 261  Bh  113460.00
 160 102 262  No  100150.00
 159 103 262  Lr  102180.00
 158 104 262  Db  102390.00
 157 105 262  Jl  106330.00
 156 106 262  Rf  108500.00
 155 107 262  Bh  114580.00
 160 103 263  Lr  103760.00
 159 104 263  Db  104830.00
 158 105 263  Jl  107190.00
 157 106 263  Rf  110210.00
 156 107 263  Bh  114710.00
 155 108 263  Hn  119890.00
 160 104 264  Db  106170.00
 159 105 264  Jl  109430.00
 158 106 264  Rf  110780.00
 157 107 264  Bh  116190.00
 156 108 264  Hn  119610.00
 160 105 265  Jl  110530.00
 159 106 265  Rf  112770.00
 158 107 265  Bh  116620.00
 157 108 265  Hn  121100.00
 156 109 265  Mt  127210.00
 160 106 266  Rf  113580.00
 159 107 266  Bh  118310.00
 158 108 266  Hn  121130.00
 157 109 266  Mt  128490.00
 160 107 267  Bh  118990.00
 159 108 267  Hn  122750.00
 158 109 267  Mt  128110.00
 157 110 267  Xa  134090.00
 160 108 268  Hn  123100.00
 159 109 268  Mt  129310.00
 158 110 268  Xa  133700.00
 161 108 269  Hn  124930.00
 160 109 269  Mt  129580.00
 159 110 269  Xa  135200.00
 161 109 270  Mt  131080.00
 160 110 270  Xa  134720.00
 162 109 271  Mt  131550.00
 161 110 271  Xa  136070.00
 162 110 272  Xa  136290.00
 161 111 272  Xb  142960.00
 163 110 273  Xa  139020.00
